-0.9590
-0.9896
-1.0232
-1.0567
-1.1325
-1.1791
-1.0632
-1.1020
-1.3086
-1.3496
-0.9933
-1.0344
-0.7386
-0.7676
-0.7679
-0.8016
-1.6777
-1.7290
-1.5069
-1.5591
-0.4433
-0.4449
-0.5629
-0.5561
-0.3398
-0.3396
-0.5522
-0.5452
-0.4736
-0.4661
-0.5585
-0.5605
-0.4641
-0.4679
-0.4238
-0.4228
-0.6820
-0.6813
-0.4806
-0.4673
-0.4567
-0.4525
-0.5249
-0.5135
-0.4679
-0.4641
-1.0674
-1.0239
-0.6914
-0.6538
-0.6538
-0.6463
-0.7984
-0.7629
-0.7837
-0.7365
-0.4534
-0.4541
-0.5024
-0.4946
-0.6581
-0.6627
-0.8434
-0.8418
-0.4730
-0.4670
-0.5386
-0.5392
-0.3927
-0.3940
-0.6001
-0.6043
-0.6538
-0.6522
-0.4453
-0.4520
-0.3990
-0.3940
-0.6689
-0.6448
-1.0084
-1.0526
-1.2963
-1.3280
-0.9188
-0.9436
-1.8214
-1.8722
-1.7055
-1.7416
-0.9698
-1.0019
-1.0547
-1.0773
-1.2359
-1.2720
-1.7709
-1.8270
-2.6051
-2.6063
