-13.8166
-14.1101
-14.6761
-14.9430
-13.4156
-13.6342
-14.9616
-15.2129
-16.0137
-16.3094
-13.0809
-13.2552
-11.0434
-11.2008
-11.5867
-11.7640
-18.3036
-18.5957
-17.0945
-17.3520
-6.5554
-6.5183
-7.7665
-7.7403
-3.9601
-3.9342
-7.8370
-7.7855
-6.7651
-6.7005
-8.3949
-8.3526
-6.9803
-6.9291
-5.8218
-5.7937
-10.6322
-10.6202
-6.7115
-6.6238
-5.1212
-5.0443
-5.8319
-5.7290
-5.6972
-5.6014
-9.4531
-9.2920
-6.2506
-6.1348
-7.3108
-7.2218
-8.4123
-8.2503
-8.1515
-7.9848
-5.5313
-5.4485
-6.0695
-5.9783
-9.9696
-9.9477
-11.4442
-11.4451
-7.4330
-7.3749
-8.5250
-8.5020
-5.5595
-5.5332
-8.8155
-8.7857
-9.1935
-9.1552
-7.2099
-7.1556
-5.0442
-5.0017
-7.6016
-7.5258
-12.6463
-12.8130
-15.7479
-15.9106
-12.5806
-12.7112
-17.1854
-17.4349
-19.9186
-20.2340
-13.0163
-13.1506
-12.8271
-12.9332
-14.7348
-14.8939
-18.5035
-18.7828
-23.3219
-23.8511
