1.9135
4.6521
-0.6630
1.3868
-7.2762
-7.7459
-5.3235
-4.6044
-7.3514
-6.9351
-10.0532
-11.6246
0.2497
1.7447
-0.9761
0.2821
-13.0144
-13.3840
-10.9467
-11.7643
0.2285
0.6188
0.4919
0.9082
-0.7744
-0.9575
-2.4053
-3.0396
1.3307
1.9793
-0.0767
0.2328
1.1420
1.8610
-0.5349
-0.4797
-3.5646
-4.3217
1.0302
1.8271
-1.4941
-1.7429
-2.9862
-3.6720
-2.3586
-2.8407
-4.5922
-5.4081
-1.9118
-2.1784
-1.4763
-1.6960
-4.0332
-4.9772
-2.8626
-3.3969
-1.0683
-1.2541
-3.1582
-4.0355
0.9173
1.9083
0.7493
1.7579
-4.1818
-5.4709
-3.4045
-3.9888
2.1989
3.1858
2.9476
4.3598
1.3226
2.4576
5.3535
7.5560
1.6470
2.5009
3.0237
4.4785
-7.4662
-8.4526
-8.4305
-8.8930
-7.1242
-7.7281
-16.4819
-19.1489
-10.6953
-10.2064
-5.9296
-6.0743
-8.1010
-9.1159
-9.0738
-9.8422
-11.7722
-12.3879
-10.0460
-6.7590
