16.8922
19.6191
14.5319
16.5036
4.3987
3.9181
10.1602
10.8102
10.6759
11.0408
0.0464
-1.5443
8.3206
9.7575
8.1275
9.3397
8.0958
7.6247
5.5246
4.7195
1.6828
2.0744
2.5825
3.0015
-0.2663
-0.4493
0.0256
-0.6058
2.9022
3.5515
2.1350
2.4460
2.3620
3.0836
0.4811
0.5354
0.9010
0.1254
2.5134
3.3208
-0.6015
-0.8541
-1.2160
-1.9086
-1.1013
-1.5920
2.0820
1.2397
0.6024
0.3086
1.3169
1.0905
-0.3007
-1.2759
1.1781
0.6046
-0.1674
-0.3563
-1.5021
-2.3857
4.2745
5.2587
6.1221
7.1227
-1.9160
-3.2140
-1.0402
-1.6293
2.8700
3.8597
5.0814
6.4925
3.8675
5.0039
6.6584
8.8606
2.2458
3.1011
5.7853
7.2277
0.8979
-0.0758
3.5164
2.9625
0.7318
0.0932
2.0968
-0.4812
13.3705
13.8043
2.1607
2.0076
-1.5705
-2.5976
1.4144
0.5637
7.7314
7.0787
30.4213
33.8246
