14.9786
14.9670
15.1949
15.1169
11.6749
11.6641
15.4838
15.4146
18.0273
17.9759
10.0996
10.0804
8.0710
8.0128
9.1035
9.0576
21.1102
21.0087
16.4713
16.4838
1.4542
1.4556
2.0906
2.0934
0.5081
0.5081
2.4309
2.4338
1.5715
1.5722
2.2117
2.2132
1.2200
1.2226
1.0160
1.0150
4.4656
4.4471
1.4832
1.4938
0.8926
0.8888
1.7702
1.7633
1.2573
1.2488
6.6742
6.6478
2.5141
2.4870
2.7932
2.7865
3.7325
3.7012
4.0407
4.0016
0.9009
0.8978
1.6561
1.6498
3.3572
3.3504
5.3727
5.3648
2.2657
2.2569
2.3643
2.3595
0.6711
0.6739
2.1338
2.1327
2.5450
2.5462
1.3049
1.3046
0.5987
0.6002
2.7616
2.7493
8.3641
8.3768
11.9469
11.8555
7.8560
7.8213
18.5787
18.6677
24.0658
24.0107
8.0903
8.0819
6.5305
6.5183
10.4882
10.4058
19.5036
19.4666
40.4673
40.5836
