-2.8188
-0.3887
-2.4839
-0.3610
-1.8145
-0.3106
-2.4000
-0.3708
-2.6788
-0.5177
-1.4934
-0.2331
-1.5784
-0.1819
-1.5488
-0.1961
-3.2456
-0.5691
-2.0281
-0.3907
-0.1136
-0.0892
-0.1653
-0.1146
-0.0543
-0.0376
-0.1829
-0.1180
-0.1559
-0.0952
-0.1613
-0.1318
-0.1180
-0.0968
-0.0931
-0.0705
-0.2961
-0.1713
-0.1766
-0.0969
-0.1258
-0.0640
-0.1995
-0.0837
-0.1876
-0.0759
-0.6030
-0.1909
-0.3841
-0.1095
-0.2698
-0.1119
-0.5204
-0.1530
-0.6077
-0.1556
-0.1216
-0.0684
-0.1770
-0.0829
-0.2313
-0.1640
-0.3302
-0.2054
-0.1625
-0.1130
-0.1923
-0.1324
-0.0751
-0.0645
-0.1777
-0.1377
-0.2062
-0.1532
-0.1072
-0.0963
-0.0698
-0.0530
-0.2600
-0.1251
-1.1965
-0.2177
-1.3521
-0.3077
-1.1817
-0.2045
-2.2246
-0.5377
-3.4078
-0.7181
-1.1103
-0.2186
-0.7447
-0.2232
-1.2922
-0.2916
-2.3442
-0.5303
-5.3107
-2.0929
