7.7071
-4.4627
4.5651
-6.6897
-1.3788
-8.2710
3.0188
-6.9941
2.1508
-7.0356
-1.9413
-9.1577
2.1948
-8.0773
1.6687
-8.1315
0.7492
-7.5223
-3.0272
-9.0428
-5.8957
-6.5676
-6.4672
-7.6985
-3.8932
-3.7936
-6.4315
-7.8713
-5.9602
-6.7466
-7.3282
-7.9609
-6.5390
-6.6895
-5.4655
-5.7324
-7.0763
-8.0852
-6.1848
-7.0958
-4.7088
-4.9405
-4.8547
-5.3168
-4.8509
-5.4205
-5.3795
-6.3354
-4.2604
-5.7976
-5.6254
-5.7766
-5.6237
-6.8691
-4.8023
-6.8801
-5.1910
-5.2893
-5.2796
-5.1217
-7.7074
-9.3803
-7.7533
-9.3700
-6.2628
-7.3402
-7.0406
-8.3624
-5.4188
-5.2433
-7.5875
-8.8995
-7.8542
-8.6709
-6.6476
-6.4587
-4.9835
-4.7836
-5.9346
-7.2775
-3.8427
-9.1827
-4.8772
-12.5066
-3.3742
-11.1579
-3.6444
-7.5951
2.0736
-5.9496
-4.4323
-11.5855
-7.5843
-12.9867
-5.6128
-12.3438
-2.4986
-8.9874
10.2666
3.5920
