-2.2156
-2.1316
-3.8882
-7.2097
-1.0680
-2.3092
-1.0431
-1.7340
-2.0500
-2.3587
-1.2199
-3.4676
-1.2026
-1.4415
-1.3429
-2.1547
-2.2320
-2.9480
-2.9012
-28.5299
-26.3758
-27.7641
-34.1540
-17.5955
-38.0874
-20.8683
-22.4017
-13.2333
-7.5964
-19.4875
-2.2156
-2.1316
-3.8882
-7.2097
-1.0680
-2.3092
-1.0431
-1.7340
-2.0500
-2.3587
-1.2199
-3.4676
-1.2026
-1.4415
-1.3429
-2.1547
-2.2320
-2.9480
-2.9012
-28.5299
-26.3758
-27.7641
-34.1540
-17.5955
-38.0874
-20.8683
-22.4017
-13.2333
-7.5964
-19.4875
