-19.1701
-14.2332
-14.1854
-25.3553
-13.6905
-20.9963
-12.9660
-21.5655
-18.7298
-23.4916
-11.6784
-19.9617
-7.9562
-11.8204
-9.1261
-18.2436
-17.2897
-16.8068
-22.2243
-30.8702
-21.7519
-26.8921
-25.7259
-19.4914
-27.1894
-25.5854
-23.2489
-14.6191
-10.9515
-18.3304
-19.1701
-14.2332
-14.1854
-25.3553
-13.6905
-20.9963
-12.9660
-21.5655
-18.7298
-23.4916
-11.6784
-19.9617
-7.9562
-11.8204
-9.1261
-18.2436
-17.2897
-16.8068
-22.2243
-30.8702
-21.7519
-26.8921
-25.7259
-19.4914
-27.1894
-25.5854
-23.2489
-14.6191
-10.9515
-18.3304
