-11.1861
-10.4206
-19.5954
-28.7190
-2.3461
-11.4822
-2.7306
-8.4605
-5.8210
-11.1303
-280.8282
-316.9391
-282.0565
-297.1559
-284.1191
-305.0877
-305.3201
-318.5476
-311.7360
-433.3155
-412.2471
-426.7759
-456.1359
-382.6691
-437.7485
-408.2166
-411.7260
-342.7400
-302.6736
-354.3648
-11.1861
-10.4206
-19.5954
-28.7190
-2.3461
-11.4822
-2.7306
-8.4605
-5.8210
-11.1303
-280.8282
-316.9391
-282.0565
-297.1559
-284.1191
-305.0877
-305.3201
-318.5476
-311.7360
-433.3155
-412.2471
-426.7759
-456.1359
-382.6691
-437.7485
-408.2166
-411.7260
-342.7400
-302.6736
-354.3648
