10.4759
0.6190
0.1981
17.8903
5.0592
11.3998
3.3644
8.7204
13.4580
15.0866
-276.0931
-291.4064
-278.4382
-287.7256
-279.0153
-288.5668
-292.4288
-297.6284
-289.2392
-301.3329
-299.3194
-322.3718
-341.1914
-312.3390
-291.7191
-315.7139
-310.9142
-291.1315
-278.7101
-282.9380
10.4759
0.6190
0.1981
17.8903
5.0592
11.3998
3.3644
8.7204
13.4580
15.0866
-276.0931
-291.4064
-278.4382
-287.7256
-279.0153
-288.5668
-292.4288
-297.6284
-289.2392
-301.3329
-299.3194
-322.3718
-341.1914
-312.3390
-291.7191
-315.7139
-310.9142
-291.1315
-278.7101
-282.9380
