-3.4881
-2.4889
-5.0744
-5.7684
-1.5030
-2.7427
-1.7018
-2.3135
-2.0666
-2.7523
-15.2335
-24.3481
-14.6105
-19.0329
-15.5868
-20.8705
-20.9349
-22.7167
-21.5467
-59.0659
-59.8345
-54.0782
-62.3283
-42.9696
-71.4738
-50.4870
-52.6960
-38.0973
-27.1480
-41.8126
-3.4881
-2.4889
-5.0744
-5.7684
-1.5030
-2.7427
-1.7018
-2.3135
-2.0666
-2.7523
-15.2335
-24.3481
-14.6105
-19.0329
-15.5868
-20.8705
-20.9349
-22.7167
-21.5467
-59.0659
-59.8345
-54.0782
-62.3283
-42.9696
-71.4738
-50.4870
-52.6960
-38.0973
-27.1480
-41.8126
