-14.3979
-18.2347
-22.9500
-20.4431
-11.2023
-14.6484
-12.3466
-16.8926
-9.3884
-13.5161
-304.2248
-339.1839
-302.2076
-320.0204
-305.0710
-329.8356
-332.8854
-340.0998
-335.9113
-419.7989
-407.2816
-431.1062
-463.3996
-392.3955
-428.4696
-412.6545
-409.2609
-357.0811
-324.4061
-362.5685
-14.3979
-18.2347
-22.9500
-20.4431
-11.2023
-14.6484
-12.3466
-16.8926
-9.3884
-13.5161
-304.2248
-339.1839
-302.2076
-320.0204
-305.0710
-329.8356
-332.8854
-340.0998
-335.9113
-419.7989
-407.2816
-431.1062
-463.3996
-392.3955
-428.4696
-412.6545
-409.2609
-357.0811
-324.4061
-362.5685
