-10.4646
-9.4425
-7.6742
-6.8666
-11.8713
-10.6769
-9.0344
-8.1251
-7.6148
-6.8531
-1.1621
-1.0408
-0.7145
-0.6966
-0.6432
-0.6424
-6.7766
-6.0621
-6.1528
-5.6109
-12.7063
-11.7367
-4.1548
-3.8641
-21.2396
-20.3309
-15.8131
-14.8042
-13.3921
-12.3848
-16.5419
-15.4627
-10.3316
-9.5262
-16.8141
-15.8799
-11.0497
-10.3506
-26.0676
-24.9927
-1.7525
-1.6785
-2.2381
-2.1374
-1.5152
-1.4627
-1.1788
-1.0959
-1.8952
-1.7700
-1.3906
-1.3080
-1.6929
-1.6123
-2.0417
-1.9208
-1.1195
-1.0766
-1.9606
-1.8483
-0.6616
-0.6210
-1.7520
-1.5193
-0.6431
-0.6198
-0.7407
-0.6927
-1.4656
-1.2902
-2.0015
-1.6765
-1.4030
-1.2942
-4.5391
-3.9232
-0.6289
-0.5829
-2.2990
-2.0658
-2.1204
-2.0387
-2.3721
-2.2934
-1.5435
-1.5297
-1.7338
-1.7031
-2.6597
-2.5940
-4.0705
-4.0360
-1.9263
-1.8920
-1.9729
-1.9432
-1.4177
-1.3960
-2.8285
-2.7950
-2.4695
-2.4187
-1.4838
-1.4971
-1.0958
-1.1229
-1.1683
-1.2016
-1.7012
-1.7063
-1.6071
-1.6276
-1.0959
-1.1007
-0.7252
-0.7216
-1.1534
-1.1747
-1.7880
-1.7863
-0.2624
-0.2675
-1.0108
-1.0321
-6.4215
-5.6982
-3.7983
-3.3664
-6.4777
-5.8420
-7.4138
-6.6673
-2.2694
-2.0381
-3.5379
-3.1686
-0.5264
-0.5469
-4.5066
-4.0573
-2.2147
-2.0719
-1.4366
-1.4120
-1.9041
-1.8098
-2.0862
-1.9914
-1.4132
-1.3505
-2.5720
-2.4352
-3.6280
-3.4428
-3.2369
-3.1037
-2.2758
-2.1952
-0.8985
-0.8612
