-18.9565
-18.1729
-15.4506
-14.7667
-18.9713
-18.2410
-22.1465
-21.3067
-20.4748
-19.7144
-11.5533
-11.0261
-9.6972
-9.2893
-9.2811
-8.8198
-17.9380
-17.1130
-12.8042
-12.2892
-27.6435
-27.7699
-25.7539
-26.0330
-39.4223
-39.7254
-34.3941
-34.5850
-32.0690
-32.1364
-31.1092
-31.3348
-26.1366
-26.2717
-29.8934
-30.0916
-34.0442
-34.3349
-30.9317
-31.1381
-11.2185
-10.7876
-13.1660
-12.5568
-12.5860
-12.0697
-9.1296
-8.6782
-9.0906
-8.6850
-11.7227
-11.1996
-13.8263
-13.2580
-12.4908
-12.0068
-10.5634
-10.1131
-10.8812
-10.4008
-6.9997
-6.8394
-14.4014
-14.2020
-7.2685
-7.1548
-8.2655
-8.0888
-11.8651
-11.6284
-15.4898
-15.2689
-14.7142
-14.4344
-19.8825
-19.6560
-5.2347
-5.0885
-12.2163
-11.9854
-14.3492
-14.2030
-18.1850
-18.0789
-18.0551
-18.0392
-16.8247
-16.7690
-18.2151
-18.1659
-27.6697
-27.6832
-18.2817
-18.1743
-18.8646
-18.8057
-15.3295
-15.2328
-23.8882
-23.8433
-17.0918
-16.6405
-18.0516
-17.6182
-17.2161
-16.8175
-15.4042
-15.1425
-15.7174
-15.4231
-15.2016
-14.8650
-11.4921
-11.2553
-7.7118
-7.5117
-13.2627
-12.9699
-15.2169
-14.8911
-3.8210
-3.7124
-7.1272
-6.9192
-16.5508
-15.9169
-14.4880
-13.9554
-18.9615
-18.4505
-17.2985
-16.7256
-12.2266
-11.7693
-16.8251
-16.2379
-7.7410
-7.4569
-14.5457
-14.0454
-25.2616
-25.6100
-16.6887
-16.9341
-16.3459
-16.5762
-14.9446
-15.1347
-14.6029
-14.7902
-21.3483
-21.5927
-30.7265
-31.1497
-25.8177
-26.2402
-23.8740
-24.2626
-10.7808
-10.9165
