-102.5895
-114.8649
-94.3870
-107.2447
-106.8479
-118.3360
-90.3474
-99.7635
-90.1141
-100.7031
-46.7616
-55.7068
-13.6907
-18.5248
-30.1615
-36.7152
-89.7181
-101.4531
-83.0011
-94.1584
-86.3837
-98.1747
-49.6618
-56.5905
-132.8357
-148.7809
-108.4844
-123.3109
-78.2995
-89.0734
-91.7845
-103.4902
-87.5702
-99.9400
-115.4438
-132.6014
-73.7374
-83.7061
-122.6209
-139.1373
11.5308
15.2600
-19.7755
-21.4479
14.9010
18.9425
3.8752
6.4806
1.5817
3.6501
-8.8100
-8.4830
-1.3228
0.6688
10.1732
13.1838
8.2499
10.9931
-19.5440
-21.2104
-254.5152
-254.8910
-284.0103
-284.3750
-255.4764
-255.8873
-271.8920
-273.0862
-280.7080
-280.9756
-303.1722
-303.8992
-290.0221
-290.2494
-314.6444
-315.8913
-248.9610
-249.7429
-276.9188
-277.1712
-0.0750
1.3367
-0.1753
2.0143
2.7800
5.5602
1.3726
3.4837
-2.8911
-1.5226
-9.6293
-7.4498
1.1270
3.4713
-0.4187
1.4299
0.0488
1.3518
-4.5395
-2.3607
7.7361
9.5239
8.2514
9.5231
15.7379
17.5834
22.7743
26.4979
19.3437
22.7345
9.8776
11.0395
10.9800
12.4627
18.5228
21.2088
18.3826
20.9322
15.0636
17.9395
41.1882
46.7601
6.7823
6.1995
-66.7776
-73.5707
-34.3754
-37.1594
-45.2622
-49.0515
-59.9404
-64.7598
-51.0902
-57.4790
-46.7491
-52.1096
26.0412
29.4173
-57.7344
-63.4453
-16.5775
-18.3994
-5.2150
-5.4401
-13.3669
-14.7731
-14.5084
-16.3576
-10.3097
-11.4612
-15.5706
-17.0947
-14.3219
-15.2549
-16.3849
-18.1401
-13.4059
-14.6277
-8.6426
-9.5745
