-44.1047
-59.8172
-55.5752
-70.7183
-40.2719
-54.9471
-29.9653
-42.8608
-34.1322
-47.7397
-38.3856
-47.9892
-9.2263
-14.3992
-26.1661
-33.0258
-47.9592
-62.4304
-45.9101
-58.7716
-20.0486
-31.8208
-16.4342
-22.8909
17.3301
1.8539
-15.9118
-30.3179
-2.4961
-13.4846
-9.9108
-21.1233
-29.3089
-41.3168
-29.6994
-46.4457
-0.2715
-9.3808
-0.0828
-16.2717
22.3196
25.7060
-5.7093
-7.9321
24.4888
28.0285
9.9362
12.0741
11.1785
12.8682
-0.4097
-0.4541
10.6241
12.1526
22.5886
25.2293
14.6482
17.0973
-7.5517
-9.6882
-251.9306
-252.5011
-268.9936
-270.1576
-252.4167
-252.9194
-268.5297
-270.0644
-269.2907
-270.2980
-280.5752
-283.0956
-278.1848
-279.3351
-273.8794
-276.6408
-247.1972
-248.1012
-257.5953
-258.7065
14.5202
15.8218
21.5215
23.6890
18.2839
21.1029
15.6727
17.8224
16.6190
18.0475
37.3333
39.6950
17.9316
20.2965
20.6335
22.4842
12.1415
13.4499
27.9227
30.1502
27.4423
28.7908
21.5189
22.4631
22.8449
24.4194
32.3858
35.8541
33.8669
36.9381
25.4030
26.4188
21.3562
22.7177
23.4490
26.0506
28.8124
31.2076
32.3026
34.9221
42.2641
47.7744
13.0880
12.3682
-18.2145
-28.2207
-11.2038
-15.6827
5.2870
-1.2047
-7.7623
-15.4693
-28.3015
-36.2771
-17.7890
-24.8438
28.9989
32.1561
-24.9285
-32.6031
-2.2827
-3.8260
0.0029
-0.1516
-4.5302
-5.8512
-5.4442
-7.1654
-3.9146
-4.9974
-0.2673
-1.6000
20.4530
20.3333
2.7861
1.3395
2.2659
1.3158
-5.7825
-6.6812
