58.4848
55.0477
38.8117
36.5265
66.5761
63.3889
60.3820
56.9027
55.9818
52.9634
8.3760
7.7176
4.4645
4.1256
3.9954
3.6894
41.7590
39.0227
37.0910
35.3868
66.3351
66.3539
33.2277
33.6996
150.1659
150.6348
92.5727
92.9930
75.8034
75.5889
81.8737
82.3669
58.2613
58.6232
85.7444
86.1557
73.4659
74.3253
122.5381
122.8656
10.7888
10.4461
14.0662
13.5158
9.5878
9.0860
6.0610
5.5935
9.5967
9.2181
8.4003
8.0289
11.9469
11.4838
12.4153
12.0455
6.3983
6.1042
11.9923
11.5221
2.5846
2.3899
15.0166
14.2174
3.0596
2.9678
3.3623
3.0219
11.4173
10.6776
22.5971
20.8035
11.8372
10.9143
40.7650
39.2505
1.7637
1.6417
19.3234
18.4647
14.5952
14.4851
21.6968
21.6747
15.5039
15.5427
14.3002
14.3387
19.5101
19.5702
46.9626
47.1448
16.8046
16.8252
21.0522
21.0543
12.0927
12.0981
32.4622
32.5109
19.7062
19.2668
13.2676
12.9401
7.1070
6.8360
9.6115
9.3563
14.5231
14.2036
15.5253
15.3793
10.3762
10.2550
4.9262
4.8418
10.4298
10.2754
17.2390
16.9827
1.0759
1.0143
6.3056
6.1687
48.5631
45.3500
23.1717
21.4767
50.5493
47.8468
52.1781
49.2905
22.7887
21.2019
28.9601
27.2658
2.9576
2.7387
32.8059
30.8422
14.2947
14.5734
5.2180
5.2885
8.8366
8.9219
9.0641
9.1922
6.3951
6.4638
15.3034
15.4947
34.7750
35.5882
19.1710
19.4796
15.6718
15.9435
2.8601
2.8933
