-7.1647
-2.8139
-4.8793
-1.8086
-7.8431
-3.2478
-6.0546
-2.4348
-5.1968
-2.0338
-0.5631
-0.2335
-0.2833
-0.1594
-0.2839
-0.1539
-4.4044
-1.6189
-4.3771
-1.6012
-11.5553
-4.5996
-3.2044
-1.0692
-17.9751
-9.5001
-13.2845
-5.6089
-12.9693
-6.5172
-12.4118
-5.8444
-9.5086
-3.3190
-14.4580
-6.1496
-7.5022
-3.0117
-20.8710
-11.1118
-0.4249
-0.2471
-0.5495
-0.3379
-0.4182
-0.2827
-0.2850
-0.1818
-0.4412
-0.2244
-0.4110
-0.2559
-0.5748
-0.3286
-0.4948
-0.2875
-0.3286
-0.2086
-0.5102
-0.2802
-0.2975
-0.1232
-1.2201
-0.4111
-0.2221
-0.1198
-0.2715
-0.1389
-0.7852
-0.2861
-1.3219
-0.6181
-0.8873
-0.3457
-3.1018
-1.1509
-0.3459
-0.0975
-1.0382
-0.4187
-0.7223
-0.3523
-0.7107
-0.4846
-0.5967
-0.4494
-0.5270
-0.3677
-0.7037
-0.4527
-1.5738
-1.4306
-0.7002
-0.4693
-0.6629
-0.5082
-0.5195
-0.3173
-0.9809
-0.8783
-0.8765
-0.4756
-1.1197
-0.3872
-1.1852
-0.3524
-1.4426
-0.2927
-0.5342
-0.3541
-0.4272
-0.3660
-0.2626
-0.2233
-0.1155
-0.1059
-0.4259
-0.2501
-0.4870
-0.4061
-0.1515
-0.0297
-0.3803
-0.1238
-5.4298
-1.9945
-2.3207
-0.7309
-6.1243
-2.0891
-5.7648
-2.2501
-2.0260
-0.6443
-2.6232
-0.8932
-0.6878
-0.1037
-3.3738
-1.1737
-1.5528
-0.5958
-0.4570
-0.3177
-0.8039
-0.3681
-0.9018
-0.3769
-0.5717
-0.2768
-1.7511
-0.6029
-2.5441
-1.0600
-1.4648
-0.6157
-1.3327
-0.5675
-0.3153
-0.1807
