-26.6539
-14.5912
-27.1352
-15.2617
-28.0179
-12.6833
-20.0053
-10.9000
-15.4591
-7.2679
-11.1052
-10.6859
-6.1752
-9.7300
-6.5242
-8.5252
-21.6236
-12.4756
-20.4221
-9.4506
-31.5825
-20.7169
-23.1031
-16.5845
-17.4001
0.4350
-35.4869
-19.1959
-25.1385
-11.1466
-37.0167
-22.1691
-37.3088
-23.1373
-44.7548
-26.2898
-25.7527
-15.1389
-33.3923
-16.4178
-5.6429
-6.4219
-5.6336
-7.1773
-6.6790
-9.1350
-5.4426
-6.7211
-4.2014
-4.6323
-7.7711
-8.6398
-7.0424
-9.2917
-5.5638
-6.8776
-7.3913
-8.3285
-4.9166
-5.9186
-9.0170
-9.6780
-15.2131
-13.6293
-9.5471
-9.5753
-11.1132
-10.9705
-14.4301
-12.4681
-14.9526
-9.7579
-15.2455
-16.1010
-16.7182
-8.5925
-7.9287
-8.8379
-10.2883
-8.0789
-6.2050
-8.5588
-6.1008
-7.3252
-8.7306
-11.8529
-9.2042
-10.7191
-9.1814
-9.8233
-2.0481
-3.5521
-9.6037
-12.1027
-6.7589
-7.6354
-9.0689
-10.7523
-5.9441
-6.9406
-1.0115
-7.0504
-3.8100
-11.7848
-5.2952
-14.3875
0.3835
-10.1482
-3.0146
-7.8317
-5.2283
-7.1184
-4.6341
-6.3068
-4.4642
-4.8949
-3.9398
-7.4000
-3.4545
-6.1016
0.5147
-2.4831
-3.7791
-4.3596
-15.8375
-5.7566
-16.3153
-11.9324
-8.0843
-5.6129
-14.6259
-5.9474
-10.1829
-4.0131
-13.0348
-9.2012
1.3396
-6.9183
-18.9236
-8.3673
-19.7632
-21.1930
-15.4029
-15.7840
-13.0126
-14.3370
-11.6377
-12.8128
-11.8518
-13.2273
-14.3583
-15.6203
-14.7428
-14.6888
-16.4089
-18.0894
-16.6024
-18.7170
-10.0001
-10.6207
