-11.2815
-8.2987
-12.8529
-9.7844
-8.1668
-1.3394
-0.7820
-0.7211
-7.3282
-6.6121
-13.2370
-4.3581
-21.7290
-16.3984
-14.0303
-17.2551
-10.8624
-17.4144
-11.4655
-26.7119
-1.8329
-2.3399
-1.5831
-1.2507
-1.9587
-1.4711
-1.7767
-2.1129
-1.1690
-2.0589
-0.7636
-2.1107
-0.7437
-0.8926
-1.7673
-2.5170
-1.6550
-5.3269
-0.7314
-2.6651
-2.1382
-2.4063
-1.5529
-1.7505
-2.6827
-4.1031
-1.9448
-1.9951
-1.4293
-2.8551
-2.4983
-1.5082
-1.1009
-1.1186
-1.6797
-1.5853
-1.0727
-0.6868
-1.1184
-1.7688
-0.2511
-0.9686
-7.0953
-4.2400
-7.0806
-8.1189
-2.5310
-3.9300
-0.5425
-4.9522
-2.3524
-1.4783
-2.0015
-2.1741
-1.4812
-2.6720
-3.8087
-3.3449
-2.3611
-0.9532
