-19.4033
-15.8446
-19.4522
-22.6975
-20.8565
-11.8862
-9.8965
-9.5393
-18.3738
-13.1166
-27.4861
-25.5956
-39.1959
-34.2269
-32.0064
-30.9771
-25.9923
-29.6702
-33.8875
-30.7122
-11.4879
-13.5690
-12.8455
-9.3617
-9.3845
-12.0658
-14.2258
-12.7979
-10.8660
-11.2848
-7.1435
-14.5517
-7.3693
-8.3935
-12.0162
-15.5906
-14.8773
-19.9918
-5.3676
-12.4374
-14.4695
-18.2662
-17.9713
-16.8067
-18.2241
-27.5840
-18.3305
-18.8951
-15.3971
-23.8698
-17.1600
-18.0429
-17.1598
-15.3622
-15.7526
-15.3352
-11.6397
-7.8042
-13.2905
-15.3062
-3.7735
-7.1828
-16.6782
-14.6359
-18.9268
-17.3884
-12.4532
-16.9470
-7.6604
-14.7719
-25.1604
-16.6020
-16.1980
-14.8129
-14.5143
-21.2800
-30.6483
-25.6515
-23.7361
-10.7074
