-93.3406
-84.5393
-98.7234
-83.3609
-81.5487
-39.7818
-10.0909
-25.1041
-80.5406
-74.8331
-77.6051
-44.2778
-121.3248
-97.7822
-70.4959
-83.6761
-78.6480
-103.5730
-66.8366
-111.2259
8.4129
-18.4536
11.4364
1.7960
-0.0874
-9.0812
-3.0041
7.6358
5.9512
-18.3158
-252.7296
-282.0660
-253.7058
-269.1035
-278.5129
-300.1006
-287.6181
-311.5364
-247.0940
-275.2777
-0.9663
-1.6841
1.0325
0.0602
-3.8118
-11.0252
-0.4424
-1.6518
-0.6659
-6.0869
6.3130
7.5364
14.5849
20.1514
16.7287
8.7397
9.5838
15.9270
15.9800
12.3981
36.7736
6.9648
-61.5287
-32.3260
-42.4292
-56.1988
-46.0759
-42.1792
23.2772
-53.5635
-15.2790
-5.2519
-12.1874
-12.9711
-9.4394
-14.3575
-14.5296
-15.1560
-12.4841
-8.0037
