-32.9283
-44.5307
-30.3638
-20.6782
-24.0660
-30.9395
-5.3211
-20.8842
-37.2525
-36.6972
-11.9576
-11.6669
27.5614
-6.2494
4.9129
-2.7473
-21.4147
-18.9824
5.6023
9.8520
19.6678
-3.7204
21.6378
8.3474
9.9918
-0.2078
9.5743
20.5360
12.7669
-5.6992
-249.9440
-266.4957
-250.5040
-265.4613
-266.6181
-276.5766
-275.2107
-270.1033
-245.1982
-255.1834
13.7809
20.1476
16.4535
14.3551
15.6933
35.7757
16.3977
19.4215
11.4483
26.3666
26.4199
21.0991
21.9654
30.0560
31.6341
24.5265
20.1728
20.9885
26.6124
29.9860
37.9348
13.4506
-11.5861
-8.2486
9.1817
-2.8722
-22.3665
-12.5884
26.4100
-19.6916
-1.1826
-0.1073
-3.4555
-4.0436
-3.1143
0.8637
19.8855
3.7840
3.0184
-5.1763
