60.4123
40.0087
68.3596
62.6827
57.4826
8.8424
4.7698
4.2199
43.2880
38.1359
65.6475
32.6109
148.8862
91.5328
75.4088
80.9288
57.2333
84.5906
72.4389
121.0779
11.2549
14.7332
10.2014
6.5514
10.0792
8.8734
12.5784
12.9002
6.8157
12.6165
2.7856
15.5703
3.2019
3.6422
11.8948
23.5241
12.4073
41.4331
1.8958
20.0943
14.7472
21.8318
15.4209
14.2949
19.5051
46.8010
16.8402
21.0733
12.1142
32.4534
20.1069
13.5627
7.3805
9.9046
14.9054
15.7868
10.5890
5.0615
10.6324
17.5879
1.1612
6.4858
49.9425
24.0773
51.6109
53.3266
23.7094
29.5908
3.1328
33.8718
14.0965
5.1446
8.7320
8.9275
6.3251
15.2212
34.4151
18.9400
15.5026
2.8274
