-14.8860
-11.5361
-15.3184
-12.7924
-11.6441
-3.3042
-2.3698
-2.3065
-11.0030
-10.2572
-19.1490
-7.7380
-27.2592
-21.6681
-20.4548
-20.3357
-17.1416
-23.9467
-14.0565
-30.2639
-1.8098
-2.1294
-2.2235
-2.6351
-1.3081
-2.3475
-2.2261
-1.6230
-1.5709
-1.4533
-2.2721
-5.6495
-2.1043
-2.9053
-4.6391
-5.9366
-5.0275
-9.9039
-2.3771
-5.2295
-1.1599
-1.0634
-1.1435
-0.9878
-1.1826
-2.0078
-1.1776
-1.1366
-1.0644
-1.4099
-4.8729
-6.1022
-6.4305
-5.5962
-4.3020
-2.9818
-1.6415
-1.4614
-3.7288
-3.1869
-2.1572
-1.7139
-11.8038
-6.6001
-12.4794
-11.9055
-5.7489
-7.3380
-4.0726
-8.0485
-6.1087
-3.1745
-3.0749
-3.1862
-2.8719
-5.1818
-8.3992
-5.3004
-5.0018
-1.9085
