-48.1299
-48.4135
-49.6404
-39.0939
-34.9658
-22.6770
-5.5431
-11.9797
-42.3163
-38.3052
-51.6721
-34.8714
-40.1279
-58.2751
-44.0301
-55.1356
-57.2420
-68.9130
-40.0840
-56.9149
3.8829
-6.3330
3.0395
-0.6577
0.6698
-5.3207
-2.0997
1.7279
0.6512
-7.7289
-30.1050
-49.3604
-31.0685
-38.0965
-47.1446
-53.8380
-50.0032
-60.3195
-28.1955
-42.7023
-4.9478
-3.2558
-5.4997
-6.1714
-7.8357
0.7235
-6.5828
-4.0891
-7.1343
-3.5756
8.5733
8.5851
10.0182
14.1128
13.5609
9.7309
5.5110
6.3375
10.6320
10.5394
17.0669
2.3540
-28.9915
-22.7144
-15.8065
-24.8983
-23.5783
-22.6858
16.0827
-32.3023
-24.5002
-15.4713
-16.2210
-14.9316
-13.8068
-18.4952
-15.8311
-20.4250
-19.1813
-11.9010
