-0.6861
-0.7025
-0.8173
-0.8063
-0.6003
-0.6104
-0.9202
-0.9207
-0.8775
-0.8808
-2.3025
-2.2559
-1.3824
-1.3999
-1.5454
-1.5342
-2.1268
-2.0959
-1.1452
-1.1488
-1.9835
-1.9717
-0.7091
-0.7248
-0.7886
-0.8014
-0.7814
-0.7830
-0.9709
-0.9822
-2.1218
-2.0947
-0.6778
-0.7010
-1.4328
-1.4100
-2.5866
-2.5429
-0.8015
-0.8024
-1.3127
-1.2919
-1.7946
-1.7711
-1.1965
-1.1955
-0.8817
-0.8994
-0.9400
-0.9547
-1.3349
-1.3545
-1.2496
-1.2504
-1.0288
-1.0293
-1.4932
-1.4881
-1.1201
-1.1340
-1.2436
-1.2570
-0.8094
-0.8174
-0.7268
-0.7285
-1.4114
-1.4042
-0.7802
-0.7940
-3.6207
-3.4642
-1.6629
-1.5633
-1.4916
-1.4215
-2.4260
-2.3273
-1.6275
-1.5331
-0.7779
-0.7469
-0.9734
-0.9258
-1.7825
-1.6699
-2.3624
-2.2498
-1.1072
-1.0532
-0.7453
-0.7343
-0.9929
-0.9696
-0.7837
-0.7637
-0.8720
-0.8590
-0.6989
-0.6837
-1.4215
-1.3761
-0.9096
-0.8840
-0.7964
-0.7850
-0.6609
-0.6659
-1.5291
-1.4687
-0.8123
-0.8010
-1.0887
-1.0374
-1.1282
-1.0904
-1.7631
-1.7021
-0.7760
-0.7692
-1.9668
-1.8575
-1.0992
-1.0511
-0.9668
-0.9586
-2.7465
-2.5986
-1.0043
-0.9887
-1.4190
-1.3515
-3.8988
-3.6774
-1.3137
-1.2675
-2.0570
-1.9349
-0.8140
-0.8092
