-11.3325
-11.3210
-13.2673
-13.1416
-9.6008
-9.5507
-13.4638
-13.4549
-14.6164
-14.5972
-22.5216
-22.4341
-19.2593
-19.3214
-19.8217
-19.8628
-23.3545
-23.3110
-16.6077
-16.6246
-23.1143
-23.0673
-10.9928
-11.1135
-12.6060
-12.6338
-12.3177
-12.2251
-14.9573
-15.0505
-22.1080
-22.0817
-11.3931
-11.3075
-16.5984
-16.5439
-20.9330
-20.9043
-12.6348
-12.5369
-16.1287
-16.0702
-18.5789
-18.4585
-17.0595
-17.0302
-14.0970
-14.0836
-13.4938
-13.5671
-19.5893
-19.6944
-17.7775
-17.7997
-15.4559
-15.3632
-19.5197
-19.4078
-16.1796
-16.2967
-16.1373
-16.1816
-11.9996
-11.9964
-11.8696
-11.8040
-17.1798
-17.1345
-12.7980
-12.7683
-20.6145
-20.3618
-15.0588
-14.7900
-15.2873
-15.0840
-18.7623
-18.5885
-16.6233
-16.3139
-8.4203
-8.2793
-8.2728
-8.1455
-13.4349
-13.1896
-16.4397
-16.2173
-11.9089
-11.6834
-9.6645
-9.5437
-11.8932
-11.7150
-9.3664
-9.1771
-11.0810
-10.9274
-9.5021
-9.3208
-14.8405
-14.6513
-10.9521
-10.7888
-11.4310
-11.2861
-9.6633
-9.5443
-15.8375
-15.5656
-11.4199
-11.3055
-11.4146
-11.2241
-12.1056
-11.9530
-15.7948
-15.6497
-10.6427
-10.5224
-16.0170
-15.7679
-11.1113
-10.9610
-13.1899
-13.0639
-16.3869
-16.1242
-13.1109
-12.9782
-14.8517
-14.6539
-19.9367
-19.5783
-15.1234
-14.8824
-16.9573
-16.6723
-11.8094
-11.7018
