-5.3745
-7.1021
-6.3101
-8.5899
-2.6315
-3.5567
-6.5304
-8.7489
-4.3808
-5.5400
-14.6301
-17.5312
-10.5145
-12.3726
-7.7677
-8.7828
-13.7451
-16.1154
-5.0969
-5.8427
-8.9540
-9.9844
2.2798
3.9338
-0.8463
-0.6681
-5.7631
-7.4241
-2.6629
-2.2842
-14.2713
-16.6519
-4.6032
-6.0039
-4.5706
-4.8227
-10.1940
-10.5826
-2.5690
-3.1492
-8.5345
-10.7316
-10.3752
-12.3481
-11.5441
-14.4662
-7.6640
-9.5104
-2.9181
-3.0802
-4.5742
-4.0375
-5.6596
-6.4581
-5.5673
-6.8902
-6.4218
-6.9885
-1.9185
-0.8634
-4.2313
-4.2657
-4.6296
-5.7860
-5.8647
-7.9957
-5.4768
-6.0372
-4.6571
-5.7760
-10.1922
-10.2777
-7.2148
-8.2110
-9.8370
-11.6108
-4.8221
-4.6222
-5.7186
-6.1418
-4.0306
-4.9888
-2.3671
-2.7215
-6.1024
-6.9769
-6.8337
-7.2499
-5.5945
-6.5262
-2.7422
-3.1493
-2.9947
-3.0947
-4.0552
-4.8110
-4.9348
-5.8654
-4.5627
-5.2433
-7.8055
-9.2574
-2.3881
-2.6716
-4.9415
-6.0461
-4.6294
-5.7679
-7.6663
-8.3959
-3.8705
-4.9189
-4.0265
-4.4833
-4.0021
-4.4329
-5.6067
-6.0433
-3.6147
-4.2628
-4.9785
-4.9534
-5.3587
-6.4138
-6.0477
-7.1949
-7.3309
-8.2045
-4.1027
-4.8727
-4.9143
-5.0629
-6.4361
-5.6426
-8.0887
-9.6945
-9.5400
-10.9156
-6.1748
-7.4036
