-1.2931
-3.0293
-0.1240
-2.4454
-0.4130
-1.3360
1.8423
-0.3609
2.7872
1.5956
9.8887
6.9163
2.4333
0.5567
6.4066
5.3392
9.1552
6.7321
3.8875
3.0970
11.5900
10.5003
7.2552
8.8786
4.0428
4.1703
-0.4695
-2.1193
5.0446
5.3658
7.4583
5.0316
-0.8087
-2.2247
7.1462
6.8278
14.7910
14.3113
1.8771
1.2777
2.2661
0.0329
6.1358
4.1458
-0.0883
-2.9836
-1.9084
-3.7459
3.7699
3.5714
9.2924
9.7214
4.9646
4.1213
3.0094
1.6354
7.1672
6.5181
8.0941
9.0788
6.2588
6.2373
-0.3145
-1.4746
-0.9919
-3.1163
8.8252
8.2914
-0.2486
-1.3856
16.8191
16.5921
2.4537
1.3891
-0.4960
-2.3294
12.1349
12.2327
5.7582
5.2445
-1.2423
-2.2260
1.7749
1.3933
3.3822
2.3882
9.0687
8.5144
0.6713
-0.3060
0.3807
-0.0107
2.7922
2.6779
-0.7259
-1.5176
-0.7137
-1.6517
-1.7206
-2.4052
0.9838
-0.4995
2.2261
1.9245
-1.0317
-2.1581
-2.0665
-3.2063
4.1025
3.2488
0.2055
-0.8495
1.5666
1.0557
2.3513
1.8807
5.7150
5.2840
-0.1478
-0.7854
7.6237
7.5374
0.1144
-0.9633
0.3592
-0.8147
8.1832
7.1758
1.3829
0.6076
4.0224
3.8412
18.9098
19.4280
0.6218
-1.0521
3.9926
2.4252
-1.7490
-2.9742
