4.0814
4.0728
6.1861
6.1445
2.2185
2.2206
8.3727
8.3880
7.1679
7.1355
24.5188
24.4475
12.9478
12.9293
14.1743
14.1220
22.9003
22.8476
8.9845
8.9397
20.5440
20.4848
4.9754
4.9448
4.8891
4.8384
5.2936
5.3048
7.7075
7.6500
21.7296
21.6835
3.7945
3.7792
11.7167
11.6506
24.9850
24.8939
4.4461
4.4269
10.8006
10.7645
16.5110
16.4940
11.4558
11.4826
5.7556
5.7645
6.6879
6.6515
13.8666
13.7589
10.6241
10.5794
8.5766
8.5256
13.5890
13.5066
10.0125
9.9422
10.4901
10.5030
4.3151
4.3114
4.8729
4.8794
14.3019
14.3285
4.4085
4.3904
27.0113
26.8698
9.6685
9.6001
9.3409
9.2814
16.9570
16.8549
11.4768
11.3863
2.7884
2.7628
4.1420
4.1148
9.4846
9.3651
15.9024
15.7643
6.2658
6.2202
3.1228
3.1386
5.7869
5.7726
3.3293
3.2934
4.2211
4.2138
2.8421
2.8382
8.7893
8.7578
4.6142
4.5961
3.9098
3.8881
2.5629
2.5616
11.7688
11.6447
4.0761
4.0694
5.5931
5.5390
6.3534
6.3136
11.3217
11.3273
3.4669
3.4774
12.6021
12.4908
5.4732
5.4505
6.4069
6.3802
15.5141
15.3803
5.4856
5.4803
8.9366
8.9041
25.3459
25.0706
8.7105
8.6424
13.5326
13.3408
4.4258
4.4293
