-0.2944
-0.1777
-0.5070
-0.2332
-0.1798
-0.1552
-0.7667
-0.2675
-0.5648
-0.2596
-1.3003
-0.6953
-0.7527
-0.3972
-1.2677
-0.4395
-1.0747
-0.6138
-0.6092
-0.3333
-1.1431
-0.6081
-0.6579
-0.1609
-0.5265
-0.2165
-0.3170
-0.2274
-0.9394
-0.2613
-1.0397
-0.5926
-0.2800
-0.1819
-0.5733
-0.3642
-1.0315
-0.7329
-0.3948
-0.2446
-0.7770
-0.4011
-0.8968
-0.5261
-0.8151
-0.3552
-0.3036
-0.2470
-0.5332
-0.2479
-1.3017
-0.4030
-0.8205
-0.3882
-0.4971
-0.2686
-0.7397
-0.4605
-1.0118
-0.3078
-0.6213
-0.3238
-0.2796
-0.2003
-0.3414
-0.2083
-0.5493
-0.3921
-0.2910
-0.2173
-1.5415
-0.7571
-1.1104
-0.3513
-0.8973
-0.3455
-1.0590
-0.5211
-1.5861
-0.4021
-0.3552
-0.1419
-0.3824
-0.1415
-1.1039
-0.3378
-1.1330
-0.4289
-0.8481
-0.2366
-0.3197
-0.1652
-0.6442
-0.2258
-0.5852
-0.1685
-0.4220
-0.2022
-0.3748
-0.1611
-0.8405
-0.3212
-0.6268
-0.1954
-0.4382
-0.2036
-0.2224
-0.1514
-1.2547
-0.3805
-0.4064
-0.2130
-0.6816
-0.2317
-0.5542
-0.2347
-0.7644
-0.3295
-0.3350
-0.1814
-1.1165
-0.4288
-0.4781
-0.2097
-0.4017
-0.2499
-1.2183
-0.4792
-0.4809
-0.2481
-0.8660
-0.3289
-2.1577
-0.8388
-0.9281
-0.3399
-1.5225
-0.4538
-0.3288
-0.2115
