-7.1807
-9.9501
-8.6506
-9.4095
-7.9160
-10.1170
-6.2771
-9.2747
-7.8887
-12.1847
-7.1693
-7.8174
-10.1665
-12.8960
-7.8428
-14.6572
-9.4384
-11.8328
-9.5707
-15.8549
-9.0307
-14.1370
-3.9329
-10.8835
-6.9200
-12.9182
-9.3569
-9.5851
-6.0955
-14.0592
-9.1742
-12.0354
-8.4725
-9.9173
-9.2248
-11.2812
-7.5732
-8.5809
-9.0047
-11.8493
-9.3855
-12.2320
-9.3764
-11.5027
-9.3778
-10.5470
-10.4854
-12.5233
-7.7373
-13.5998
-7.2211
-14.4458
-9.6086
-16.1833
-9.0355
-8.9077
-10.8245
-14.1399
-6.9444
-14.1360
-9.5221
-11.9562
-8.3840
-12.4181
-8.1301
-9.4856
-8.1244
-8.8564
-9.2206
-11.5702
-5.0589
-6.9196
-8.9558
-11.2479
-9.6494
-10.6584
-8.7467
-9.9760
-8.4190
-11.3848
-6.5750
-7.7078
-5.6006
-7.0542
-6.5953
-9.7206
-6.6501
-8.7770
-7.6725
-9.2398
-8.0374
-7.3566
-8.2663
-8.7815
-6.6483
-8.7406
-8.4781
-8.8236
-8.0445
-8.6212
-9.3616
-11.5454
-7.2447
-8.7133
-8.8929
-11.1079
-8.6930
-7.8533
-8.1775
-12.8739
-8.6549
-10.2288
-7.6584
-8.3950
-8.1924
-9.9359
-9.0003
-9.1747
-8.6018
-7.8526
-8.8548
-11.6828
-7.9538
-8.1888
-9.9234
-9.4489
-6.8559
-9.5467
-9.5256
-9.1819
-9.3820
-12.5486
-4.5693
-7.9583
-9.6695
-11.6174
-8.0908
-13.1366
-9.6697
-10.4337
