-0.5230
-2.1725
-0.6524
-0.5033
-0.8008
-0.7387
-0.4004
-0.9691
-1.8365
-0.7178
-3.9187
-2.8538
-1.2091
-1.4674
-4.2762
-1.3362
-2.1613
-2.1091
-1.5138
-2.6828
-2.2314
-2.1477
-3.9340
-7.2813
-1.0734
-2.3256
-1.0454
-1.7431
-2.0437
-2.3637
-1.2806
-1.4679
-1.7705
-2.2999
-1.4722
-1.1687
-3.1235
-2.1109
-1.0044
-2.3619
-2.3253
-5.4896
-4.7994
-6.3856
-3.6771
-5.0911
-3.8528
-5.5524
-4.0278
-3.7329
-0.9861
-2.9689
-1.4114
-1.9378
-3.7512
-2.0140
-2.6390
-3.2212
-5.5152
-3.3724
-1.0542
-0.7856
-1.8879
-1.8639
-3.3062
-1.6001
-3.1676
-4.8719
-1.7421
-2.4470
-1.0791
-3.1776
-1.0351
-1.2641
-1.1649
-1.9590
-2.0239
-2.6820
-2.6981
-27.0226
-3.2334
-2.2393
-2.7397
-3.6424
-1.2146
-1.1288
-1.3102
-1.9419
-4.5443
-1.7188
-2.5112
-2.7266
-1.0779
-1.8860
-1.5630
-5.3327
-2.9509
-1.8211
-0.9384
-1.4459
-2.2962
-1.2714
-2.2355
-1.1658
-1.6913
-1.0701
-0.9305
-2.7067
-0.6464
-1.5138
-25.0633
-26.5602
-32.9056
-16.6546
-36.3795
-19.7930
-21.1765
-12.1853
-6.7248
-18.1516
-0.8810
-0.5434
-0.6578
-0.4718
-0.8666
-0.5418
-0.6883
-0.9166
-1.1768
-0.6548
-20.2895
-16.3354
-0.8899
-0.6020
-0.8112
-1.0504
-1.7142
-1.8156
-1.6537
-0.9910
-1.1845
-1.0431
-5.0124
-0.9500
-2.1569
-1.5494
-1.5235
-1.0882
-1.6982
-2.7820
-2.6417
-1.6281
-1.4056
-1.8917
-1.3298
-2.0592
-1.2071
-1.5851
-1.8737
-1.8883
-2.0156
-1.9161
-2.7120
-0.9812
-1.1041
-1.2762
-1.3882
-1.4535
-1.9006
-2.1623
-0.9960
-2.2780
-1.4973
-1.2112
-0.5507
-0.7172
-0.9428
-1.6080
-1.7109
-2.2373
-1.6959
-5.5036
-2.3117
-2.7471
-0.9190
-4.5509
-0.9437
-1.3698
-2.4831
-2.2684
-0.1865
-4.7468
-5.1884
-0.1970
-0.1657
-0.1388
-0.2561
-0.2684
-0.5450
-0.5690
-0.3243
-1.0939
-1.1264
-0.6648
-0.3942
-0.3104
-0.7912
-0.2828
-0.6382
-0.6661
-2.6389
-1.9660
-3.0688
-2.4424
-3.9008
-3.0002
-2.3473
-2.4468
-1.8590
-1.4645
-3.0508
-2.5597
-2.8291
-3.3933
-2.1604
-3.1028
-2.4460
-2.3289
-0.5853
-1.2849
-2.5223
-2.1657
-2.3882
-1.6173
-3.9648
-2.4491
-1.9517
-3.1622
-3.3771
-3.5734
-0.2779
-0.3690
-0.2686
-0.2763
-0.3293
-0.2803
-0.2652
-0.2744
-0.2802
-0.1801
