-7.1558
-20.3471
-8.9428
-7.4742
-9.4208
-8.5860
-5.6871
-11.7901
-13.0894
-9.5494
-29.2012
-21.2705
-10.8812
-12.9269
-27.3642
-11.9939
-19.9472
-19.1896
-14.2449
-25.3809
-19.1546
-14.1739
-14.1471
-25.2752
-13.6691
-20.9841
-12.9386
-21.5349
-18.6242
-23.4527
-12.7604
-13.1294
-14.9791
-17.9354
-11.0415
-11.0223
-25.0405
-19.4260
-9.9189
-18.3224
-19.7123
-28.6714
-31.1844
-45.8186
-30.6273
-41.1373
-35.4696
-40.1782
-32.4114
-29.0551
-12.5444
-23.0629
-13.3358
-18.5022
-21.1054
-14.7315
-24.3075
-20.2079
-27.0232
-17.3488
-13.5791
-8.4223
-19.1174
-19.4475
-22.1856
-17.0979
-20.1587
-22.9061
-13.9863
-19.4470
-11.6774
-19.9516
-7.9465
-11.9014
-9.1431
-18.2561
-17.2700
-16.8542
-22.1920
-30.7983
-19.5547
-18.0116
-18.6967
-23.4016
-9.2100
-10.2399
-9.7642
-14.3575
-16.0730
-14.9907
-18.3137
-23.6817
-13.8864
-16.7685
-17.8775
-29.8816
-25.1721
-17.6548
-12.6657
-16.6944
-15.0954
-13.1547
-17.0398
-14.7821
-16.9186
-12.3073
-13.0397
-17.8443
-8.3286
-15.2022
-21.7260
-26.9584
-25.8250
-19.5090
-27.1374
-25.5666
-23.2284
-14.5959
-10.9118
-18.2649
-11.7390
-7.9909
-8.9802
-6.1181
-10.8651
-6.9875
-8.7248
-11.1102
-11.0608
-9.0101
-22.8964
-23.7707
-9.8291
-5.8823
-10.4757
-12.4431
-16.0041
-14.0389
-14.8141
-8.9430
-12.2929
-10.0268
-24.9220
-9.0869
-16.3965
-16.9907
-16.5484
-9.6145
-14.8918
-16.5805
-18.6512
-18.2454
-17.7150
-15.5904
-14.5131
-14.4605
-11.3237
-12.4620
-20.1562
-17.9159
-18.8620
-15.7758
-18.7609
-10.1237
-11.0178
-12.6626
-12.8816
-12.0670
-18.1554
-17.0935
-13.5151
-20.5132
-16.4110
-14.5822
-9.2322
-10.1234
-11.6530
-14.7764
-13.4880
-15.5936
-14.5191
-23.1479
-17.0216
-24.7850
-14.2994
-22.4703
-10.5095
-15.1643
-19.7728
-16.7534
-1.7120
-10.2506
-11.7840
-1.7789
-1.3382
-1.1926
-1.6668
-2.5423
-4.0696
-4.6801
-5.8721
-14.1624
-12.1277
-12.1417
-7.9665
-5.8740
-11.7735
-5.0731
-10.8816
-10.1382
-23.9380
-19.2305
-25.8432
-23.4343
-21.3514
-23.0330
-19.6806
-22.1961
-17.3523
-15.9240
-23.1420
-23.9041
-21.2315
-21.6188
-21.8104
-28.2788
-25.5505
-18.7578
-7.7674
-16.0389
-24.9409
-23.4328
-24.0836
-17.5328
-31.3638
-20.7439
-23.3188
-27.8640
-25.2189
-27.5908
-3.7854
-5.2074
-3.6295
-3.9864
-4.9528
-4.3016
-3.6935
-4.4109
-4.2791
-2.5824
