0.2711
-3.4722
0.3125
0.4224
0.2344
0.4575
0.8287
-0.3937
-0.6148
-0.1306
-23.2113
-10.4961
-3.8880
-1.6311
-23.3261
-3.4233
-9.9367
-12.5914
-8.2985
-24.9607
-11.9075
-10.8789
-20.6935
-29.1436
-2.6003
-11.9115
-3.0336
-8.8923
-5.8047
-11.4432
251.3809
266.7424
270.1648
271.0539
269.5695
255.0265
288.3346
276.2787
260.7455
270.8758
-17.2245
-25.4092
-18.2770
-41.3792
-17.7476
-32.1613
-25.0977
-25.3753
-15.4513
-10.2847
-2.5125
-14.4432
-7.2509
-9.5853
-13.8836
-10.3108
-10.5939
-18.2916
-22.8327
-15.9133
-6.6429
-2.4372
-11.5124
-10.7597
-15.1115
-7.4641
-15.8716
-19.3768
-5.1977
-12.9881
-283.0594
-319.5273
-284.4415
-300.5086
-286.7509
-307.6766
-307.8909
-321.8817
-313.9579
-435.9902
-19.1423
-13.3321
-16.5863
-19.0968
-8.5962
-4.1395
-5.8423
-8.8666
-23.0140
-11.1350
-4.0699
-5.3472
0.5101
-3.2449
-1.6804
-14.9213
-9.7563
-2.1234
0.2245
-1.4278
-6.8456
-4.6816
-9.6686
-4.0651
-5.9225
-5.5968
-3.3895
-14.1496
-2.1210
-6.2381
-415.4209
-431.1900
-461.9192
-386.0446
-439.9830
-411.1647
-414.7244
-344.7109
-303.8336
-355.4400
31.2462
22.0833
19.9059
15.0251
16.3743
12.7012
23.2416
11.2201
35.0749
37.3374
-118.4062
-111.4622
-11.1179
-22.9152
-9.0664
0.0043
-29.8204
-39.1955
-32.0778
-11.3166
12.0071
-26.8921
-7.9908
-3.6956
-10.5589
-12.2931
-24.2598
-6.6938
-17.9175
-27.5507
-14.6623
-14.6448
-13.6254
-9.5692
-10.5674
-9.5335
-6.9671
-5.4176
-13.1139
-13.7405
8.3569
1.6256
8.1086
7.7563
3.8743
10.8500
4.3827
11.5448
7.0443
-0.2750
2.7935
-11.5134
-5.5350
-4.4336
-4.7821
-7.4439
-8.5494
-11.8545
-15.8291
-26.3036
-35.4200
-72.8847
-37.9650
-36.3293
-4.4455
-58.4461
-25.3976
-27.3305
-45.5384
-40.5618
-5.0477
-35.7877
-34.5641
-4.9779
-6.6656
-5.8119
-4.7453
-8.0300
-9.1320
-9.8258
11.0817
8.3600
11.3467
15.6294
16.4153
14.0322
8.7868
9.9471
11.4829
9.0544
-13.5816
-5.9660
-14.9490
-10.6160
-10.2436
-11.9971
-5.9036
-8.3008
-4.6169
-2.3756
-12.3461
-10.5562
-10.3061
-13.7080
-9.2340
-13.3890
-10.9833
-11.3007
-3.0008
-6.4864
-7.1282
-8.5160
-7.6947
-2.6827
-14.2568
-6.4057
-7.2519
-11.6403
-12.2716
-12.0052
298.7789
315.8171
283.5082
293.3689
307.6047
303.7299
302.3911
298.7168
304.4000
280.7905
