2.1190
11.3420
3.8574
2.4750
4.9087
4.5500
2.2616
5.4898
10.8427
4.2805
17.0578
19.0297
2.1313
8.1887
17.1953
5.0419
9.1725
5.6632
2.0941
3.8859
9.8370
0.1367
-0.8683
17.4170
4.7951
10.9978
3.0521
8.2922
13.3421
14.7275
258.5199
275.9019
280.8568
287.7562
278.2411
259.7447
321.1099
297.3616
264.6154
293.5684
-5.6200
8.9502
14.1044
14.3184
6.2353
11.7415
5.4143
20.2377
14.4531
14.8933
3.9583
12.6985
1.6604
5.3480
10.8960
1.1666
15.5649
5.9076
20.3944
5.8853
-1.9181
0.1922
5.9066
3.6636
9.8471
4.6816
8.3049
12.7519
4.0364
9.4627
-278.2570
-293.8478
-280.7865
-290.7841
-281.5547
-290.9968
-294.9090
-300.6632
-291.3791
-304.1709
10.6620
8.1660
5.5562
14.8040
-1.2803
2.2204
0.7864
5.3093
3.7710
2.2986
16.5790
20.6287
6.6919
10.9408
11.6140
36.1168
20.0298
13.3205
6.4931
10.9982
3.2091
2.8877
7.2828
2.8363
7.0535
0.5551
2.2707
5.5876
0.0099
3.2423
-302.4978
-326.1490
-345.9536
-315.5308
-294.1805
-318.5462
-313.7489
-293.1177
-279.9112
-284.2195
42.1627
26.0254
25.1124
17.8861
24.0307
16.9219
30.5097
20.6859
53.9190
44.3129
-16.4743
-3.3756
-6.0247
-20.4716
-2.8115
7.6340
-10.1275
-21.6658
-13.5556
-6.2575
21.9155
-23.8132
37.9086
-1.3242
6.3160
-2.3603
-15.6004
-3.9984
-9.8702
-7.9084
11.2976
-0.4508
-3.3859
2.9090
-1.7473
2.6170
-0.2521
5.6427
2.4551
-3.0200
30.7358
15.1009
34.0040
11.7162
8.7327
18.7579
14.5640
19.8256
24.6598
19.6226
9.4239
6.3534
5.2141
3.2221
-2.3458
-3.8960
-3.7371
-2.1222
-5.2833
-11.7207
-23.3186
-30.6241
-19.5643
-6.8890
2.3888
-12.8906
-19.7250
-16.8764
-22.9170
-21.0875
-4.8372
-6.7213
-6.3625
-4.8388
-6.5973
-5.7554
-4.6459
-7.4057
-8.4053
-8.3681
12.0192
17.0043
21.5010
21.9237
18.8643
15.5292
14.9786
10.7758
17.2027
13.3253
14.9050
12.5144
13.8493
13.1793
18.3671
15.1736
10.4769
23.1505
9.8911
8.4334
9.5620
8.5224
13.6407
15.3671
11.2628
15.8118
9.5596
11.0739
-1.2906
1.4447
14.6636
8.6610
9.6823
8.2270
24.6628
10.2227
10.3856
12.3513
16.9535
17.9897
299.2779
318.6004
284.1726
293.9712
308.7328
304.8361
303.2179
299.8638
306.0471
281.0725
