1.8479
14.8142
3.5449
2.0526
4.6742
4.0925
1.4330
5.8835
11.4575
4.4111
40.2690
29.5258
6.0193
9.8198
40.5214
8.4652
19.1091
18.2547
10.3925
28.8466
21.7445
11.0155
19.8252
46.5606
7.3953
22.9094
6.0857
17.1845
19.1468
26.1708
7.1390
9.1596
10.6920
16.7023
8.6716
4.7182
32.7753
21.0830
3.8699
22.6926
11.6045
34.3594
32.3814
55.6977
23.9829
43.9028
30.5120
45.6130
29.9044
25.1779
6.4708
27.1417
8.9113
14.9333
24.7795
11.4774
26.1589
24.1993
43.2271
21.7986
4.7249
2.6294
17.4190
14.4232
24.9586
12.1457
24.1765
32.1288
9.2341
22.4508
4.8024
25.6795
3.6549
9.7244
5.1963
16.6798
12.9819
21.2186
22.5788
131.8193
29.8043
21.4981
22.1425
33.9009
7.3160
6.3599
6.6286
14.1759
26.7850
13.4336
20.6489
25.9759
6.1819
14.1857
13.2944
51.0381
29.7861
15.4439
6.2686
12.4260
10.0547
7.5693
16.9514
6.9014
12.9759
6.1520
5.6602
19.7372
2.1310
9.4804
112.9231
105.0410
115.9656
70.5139
145.8026
92.6186
100.9755
51.5932
23.9224
71.2205
10.9166
3.9421
5.2065
2.8610
7.6564
4.2207
7.2681
9.4658
18.8441
6.9754
101.9319
108.0865
5.0932
2.4436
6.2549
7.6297
19.6930
17.5296
18.5222
5.0590
9.9083
3.0789
45.8994
2.3714
16.8749
9.9328
8.6594
2.6954
8.0473
19.6423
25.9599
14.1940
10.2395
12.4782
8.8201
12.1505
6.7149
11.0603
15.5691
10.7205
22.3790
13.4753
25.8954
3.9599
4.8584
7.9079
10.1812
8.2808
17.6154
19.8976
6.6304
17.8668
10.7491
7.6557
2.4363
3.5479
4.8124
9.7323
10.5458
14.5829
12.1015
42.2607
18.4007
29.4403
6.8343
45.5555
5.6726
10.4541
22.6215
19.4742
0.2106
29.0663
28.2015
0.1390
0.0683
0.0565
0.0994
0.6244
0.7267
1.4577
0.9375
8.6443
10.1544
6.2943
2.4489
1.4969
6.1918
0.8287
5.7198
4.2709
28.4866
18.4804
28.7983
23.7952
28.6106
27.1707
16.3804
31.4513
14.5079
10.8090
21.9081
19.0786
23.9468
29.0751
20.4969
29.2008
20.5429
22.3746
1.7102
7.9312
21.7918
17.1770
17.3770
10.9097
38.9196
16.6284
17.6375
23.9915
29.2251
29.9948
0.4991
2.7833
0.6644
0.6023
1.1281
1.1062
0.8268
1.1470
1.6471
0.2819
