-0.1935
-0.9722
-0.2460
-0.1915
-0.3648
-0.2424
-0.1469
-0.4136
-0.6023
-0.2944
-8.4484
-8.3535
-5.6796
-5.5185
-9.8881
-4.1262
-6.6453
-5.8278
-7.5329
-9.5166
-3.1299
-2.2729
-4.8071
-5.6590
-1.3008
-2.4371
-1.4755
-1.9360
-1.8296
-2.3677
-9.6706
-12.1132
-12.5944
-13.9522
-11.8309
-10.2512
-17.6349
-13.6052
-9.6295
-13.6382
-6.1738
-9.8217
-9.7249
-12.8640
-8.6831
-12.5345
-10.4603
-13.0269
-11.9872
-9.8292
-0.7315
-2.2496
-1.1456
-2.0656
-3.2559
-2.3628
-2.2733
-3.7819
-4.5269
-3.4511
-1.0438
-0.5260
-1.6229
-1.5321
-2.4462
-1.1208
-2.4406
-3.9835
-2.3465
-1.9524
-8.1778
-15.3264
-7.6184
-11.0279
-8.3894
-12.6415
-12.5288
-13.9704
-13.3250
-45.9971
-4.0895
-2.9362
-3.4936
-3.8281
-1.8062
-1.6340
-1.5753
-2.0881
-5.2922
-2.5256
-1.1773
-1.5874
-0.7604
-1.0582
-1.0081
-2.4509
-1.7630
-0.9731
-0.6373
-0.9118
-3.1152
-1.9769
-3.0212
-1.8391
-2.5585
-1.6828
-0.9500
-3.2168
-1.2400
-2.1146
-46.2943
-41.4453
-48.6311
-31.6302
-57.3307
-38.3766
-40.0498
-26.9760
-17.5981
-30.5494
-8.8442
-5.7829
-5.5446
-5.1340
-7.4935
-5.7875
-7.1560
-8.3145
-10.4120
-7.3870
-25.8110
-25.1759
-3.5663
-3.9874
-5.7070
-4.7774
-8.8539
-6.4220
-7.8686
-3.6683
-5.3375
-3.9330
-8.3899
-3.1317
-5.8863
-5.6433
-5.8344
-4.0092
-6.1506
-7.0068
-1.8833
-1.5820
-1.6484
-1.2484
-1.2721
-0.9952
-0.7816
-1.2348
-1.6061
-1.7034
-6.0573
-5.0608
-7.1177
-4.1853
-3.5844
-4.7050
-4.1505
-4.5898
-5.5930
-4.8006
-7.2365
-8.3771
-5.9741
-6.8681
-4.0832
-5.4189
-6.0116
-7.2647
-6.8925
-9.2652
-7.5831
-13.1419
-6.8371
-9.2700
-6.2124
-13.8075
-6.0429
-6.1293
-9.3757
-6.2058
-0.3221
-6.1610
-5.7011
-0.2692
-0.2011
-0.2123
-0.1999
-0.5478
-0.4820
-0.6960
-3.3494
-6.7447
-9.3843
-6.1687
-6.3991
-4.8561
-6.4451
-2.9223
-4.4007
-4.9543
-2.3195
-2.1912
-3.0472
-2.9451
-4.7863
-2.9055
-3.0302
-2.9183
-2.0756
-2.3488
-2.4036
-2.2807
-1.4093
-1.9543
-1.4472
-2.4670
-1.9894
-1.4223
-0.3720
-0.9022
-1.8274
-1.9917
-1.8039
-1.0098
-2.4530
-1.1978
-1.2786
-2.1254
-1.7722
-2.4145
-7.4949
-11.2839
-6.7499
-7.6127
-8.9721
-8.8331
-8.3198
-8.4813
-9.3231
-5.8079
