-6.0073
-12.0876
-6.3260
-6.0343
-6.0422
-5.4136
-4.3239
-7.9288
-5.0298
-6.4068
-19.7302
-9.8490
-12.1362
-8.3536
-19.7039
-10.2850
-15.9543
-17.7288
-16.4015
-27.6501
-12.8805
-16.8701
-21.5435
-20.0530
-10.2800
-13.7233
-11.2288
-15.6161
-8.1933
-12.2396
132.6990
146.1090
147.1880
148.9234
150.4769
135.3390
168.5799
156.7793
141.0138
153.6044
-30.5545
-31.5736
-29.3345
-45.3397
-33.9963
-42.1325
-39.6553
-35.0908
-30.6267
-26.1128
-10.0812
-14.7246
-13.0616
-16.2438
-16.2846
-17.1740
-13.0232
-20.2589
-15.8096
-17.5186
-15.8940
-8.8501
-15.3682
-17.5245
-17.1073
-14.3068
-16.4981
-18.4099
-13.6635
-13.4200
-172.6180
-203.2121
-171.4698
-182.6794
-173.5426
-193.3191
-197.0169
-201.9937
-199.6571
-279.3801
-14.5114
-12.5385
-16.8719
-13.6590
-11.5577
-9.4896
-10.1112
-11.8899
-20.2829
-14.7090
-5.2153
-6.9004
-8.7381
-8.4303
-8.4745
-1.3222
-9.6159
-6.8837
-7.5720
-7.7442
-16.1871
-13.0774
-14.1877
-13.4755
-12.6098
-12.9791
-11.7073
-16.7789
-8.7929
-14.5657
-265.7627
-284.3212
-313.0204
-250.1237
-286.3913
-269.6819
-267.6600
-223.4415
-195.5531
-229.9899
23.5537
14.0559
11.9943
9.4184
9.4373
7.6024
16.6968
5.7201
31.7597
27.5850
-69.2807
-53.7029
-13.2442
-21.2759
-11.7667
-5.7682
-26.0801
-34.7071
-27.3425
-12.8007
3.5212
-30.2330
1.2264
-12.1535
-13.4768
-21.8680
-32.1012
-14.2047
-26.2923
-28.2874
-9.1890
-18.6568
-20.6182
-13.3484
-16.0820
-12.1491
-11.2821
-7.6286
-18.3947
-21.0602
4.3808
-4.1339
6.5620
-1.2638
-4.1360
0.6780
-2.0372
2.7993
0.8982
-2.1666
-6.5170
-19.2143
-13.2293
-13.1283
-11.4780
-14.5699
-16.2697
-19.9613
-20.7212
-30.5129
-34.2817
-58.4154
-33.7984
-31.4007
-10.3534
-39.2565
-24.9584
-28.5159
-40.5336
-34.1216
-5.7405
-25.9975
-26.6147
-5.5997
-5.8564
-5.4035
-5.0859
-8.1777
-10.0739
-11.6662
3.9833
-1.3434
2.5845
5.4014
7.7358
7.1666
-0.5049
3.2637
3.0227
0.0961
-12.9256
-10.2965
-16.9861
-14.8937
-11.3594
-13.1141
-14.4712
-4.0565
-10.7315
-10.9856
-18.6124
-19.6192
-11.3967
-11.1828
-13.6141
-17.4524
-19.8075
-10.8115
-9.2813
-15.9626
-14.3102
-18.1937
-18.0054
-11.7841
-12.8097
-13.6625
-15.7950
-19.9789
-12.9537
-15.0752
168.2184
181.2464
155.9684
164.8650
174.7341
172.0886
171.2503
167.7735
172.4003
154.8543
