-1.7804
-1.7335
-1.9839
-1.8841
-1.9752
-1.9738
-2.1691
-2.1577
-1.8606
-1.8481
-2.6102
-2.5846
-0.8628
-0.8390
-2.8986
-2.8805
-0.3736
-0.3692
-1.7429
-1.6776
-0.8237
-0.8222
-1.0363
-1.0318
-0.8910
-0.8673
-0.8635
-0.8459
-2.3145
-2.1843
-0.9216
-0.9111
-0.7688
-0.7467
-1.1613
-1.1343
-1.1482
-1.1628
-0.6186
-0.6268
-1.6869
-1.6202
-1.3537
-1.3415
-2.7599
-2.6544
-1.3162
-1.2826
-1.3439
-1.2886
-2.5255
-2.4298
-1.2266
-1.1806
-0.7722
-0.7398
-1.0052
-0.9822
-0.8032
-0.7869
-1.5016
-1.4601
-1.9416
-1.8756
-2.4817
-2.4212
-1.2723
-1.2888
-2.9115
-2.9012
-2.8029
-2.8078
-1.4980
-1.4425
-0.5267
-0.5060
-1.1015
-1.0620
-0.4897
-0.4738
-0.8259
-0.8019
-1.4059
-1.3883
-1.3223
-1.3076
-3.6044
-3.5784
-0.9597
-0.9346
-2.5883
-2.5561
-1.7933
-1.7602
-2.0191
-1.9995
-0.7211
-0.6999
-0.9229
-0.9064
-1.0725
-1.1065
-1.2790
-1.3018
-0.9514
-0.9545
-0.8376
-0.8356
-1.1519
-1.2060
-1.2926
-1.3020
-0.7664
-0.7886
-1.2459
-1.2864
-1.0903
-1.0817
-1.4573
-1.4900
-0.7587
-0.7416
-0.5279
-0.5282
-0.4518
-0.4312
-0.6381
-0.6184
-1.2009
-1.1300
-0.4716
-0.4542
-0.3602
-0.3540
-0.8144
-0.7706
-0.6518
-0.6316
-0.5450
-0.5319
-1.5559
-1.5796
-1.9328
-1.9482
-2.2266
-2.2318
-1.2394
-1.2362
-1.4252
-1.4323
-0.8975
-0.8932
-1.0213
-1.0257
-3.1057
-3.1353
-1.7485
-1.7385
-1.2272
-1.2474
-1.2789
-1.2672
-1.4284
-1.4013
-2.4333
-2.4035
-2.0687
-2.0371
-3.0588
-3.0125
-3.0774
-3.0398
-1.8543
-1.8220
-3.3942
-3.3530
-3.4905
-3.4498
-1.6612
-1.6410
