-11.5812
-11.5175
-14.8287
-14.7260
-17.9275
-18.0443
-15.8975
-15.9528
-17.2369
-17.3247
-19.7738
-19.9101
-8.4261
-8.3882
-21.8161
-21.9073
-3.7460
-3.7131
-12.1259
-12.1006
-13.0188
-12.5770
-15.7526
-15.3545
-13.6483
-13.2516
-13.5676
-13.1607
-20.5977
-20.0227
-13.7665
-13.4095
-12.0066
-11.6691
-16.3735
-15.9125
-15.3854
-15.0212
-11.0428
-10.6981
-19.9936
-20.4125
-15.9245
-16.4444
-24.4615
-25.0850
-15.4920
-15.8345
-15.6867
-16.1020
-23.2134
-23.8479
-14.8984
-15.2672
-7.8848
-8.0067
-10.7407
-10.9468
-10.2333
-10.4601
-16.8140
-16.6543
-17.8293
-17.6232
-22.4175
-22.3453
-13.3326
-13.3907
-21.6281
-21.6920
-20.9542
-21.1130
-9.4991
-9.4613
-6.6927
-6.5951
-10.0492
-9.9864
-6.3529
-6.3054
-10.5636
-10.5830
-15.5062
-15.5613
-13.4980
-13.5407
-22.2189
-22.2434
-11.1286
-11.1722
-19.1020
-19.1579
-16.1585
-16.1552
-17.8083
-17.8193
-8.5496
-8.5589
-12.4152
-12.4434
-14.5491
-14.7256
-15.8385
-16.0147
-14.6522
-14.7355
-14.0438
-14.1238
-16.8579
-17.0958
-17.1835
-17.3124
-12.2395
-12.3498
-18.7442
-18.9638
-15.0543
-15.1178
-18.0025
-18.2614
-11.3413
-10.8502
-8.4903
-8.0399
-6.1010
-5.7762
-8.7264
-8.2893
-13.4095
-12.8754
-7.5247
-7.1512
-5.8767
-5.5269
-10.7226
-10.2908
-9.2207
-8.8322
-7.6437
-7.2837
-15.0250
-15.1842
-19.5731
-19.7882
-23.8334
-24.0784
-12.2099
-12.2810
-16.6003
-16.7032
-10.8454
-10.9017
-11.6861
-11.7615
-22.0872
-22.3241
-19.5798
-19.7346
-15.9879
-16.1559
-14.6287
-14.5865
-15.8913
-15.8406
-17.6144
-17.5990
-21.3854
-21.4032
-26.8483
-26.8355
-20.5958
-20.5593
-16.0391
-16.0165
-25.6680
-25.6450
-27.5009
-27.4972
-16.6123
-16.5895
