-6.6573
-7.1544
-2.0291
-1.0701
-13.9178
-15.3864
-10.0831
-10.9199
-10.4324
-11.7997
-5.9760
-4.4338
0.7339
1.3825
-9.9162
-9.6267
-1.9668
-2.7063
-5.4857
-6.0637
45.0287
55.3581
55.4546
68.4287
69.6643
85.9093
53.0062
65.5902
48.5707
62.1273
60.1776
73.1633
64.4236
77.9904
60.6679
75.0437
66.2664
80.9675
63.2071
76.9984
-31.7712
-36.8962
-28.0375
-31.4775
-39.5993
-45.0259
-30.8613
-36.4106
-37.5581
-43.5571
-52.9258
-60.6637
-32.3091
-37.2342
-16.0920
-18.9514
-11.0646
-12.5076
-29.2088
-33.9447
-0.8706
0.3874
-3.0157
-1.3434
-11.0989
-11.2025
-9.7278
-11.1296
-13.1553
-12.5218
-15.1423
-15.5523
-8.2919
-9.6767
3.0022
4.3300
-5.8152
-6.8289
-4.2499
-5.3009
-0.7848
-0.9565
-1.8419
-1.6137
-3.6724
-3.9860
-9.2417
-9.5149
-0.7417
-0.6036
-4.6899
-4.3292
-7.5767
-8.9451
-6.4724
-7.2383
-2.0759
-2.4955
-0.0040
0.3139
5.3947
8.0216
1.1896
3.0335
1.3068
2.7356
3.2644
5.0418
5.6555
8.7271
1.5599
3.4079
6.7234
9.2741
3.5257
6.2271
3.9416
6.2617
3.9146
7.1447
0.4019
0.2726
-2.6424
-3.9762
-5.2292
-6.7285
4.4475
4.8965
-9.0099
-10.2375
-3.3003
-4.4676
-1.7307
-3.1433
9.1016
10.8305
5.6609
6.8312
6.2906
7.2073
-1.3486
0.0467
2.8774
6.4326
-7.6595
-7.1273
1.4665
3.1328
-2.2825
-1.4937
-2.3402
-2.2363
-1.6844
-1.0830
-6.8261
-5.2844
-3.6720
-2.9620
-1.0231
0.2881
-7.3627
-8.8692
-11.0058
-13.2494
-11.3555
-13.2138
-9.7933
-11.2612
-17.8758
-20.3849
-16.3764
-19.1210
-11.5905
-13.5673
-15.3507
-17.1914
-20.5098
-22.9619
-7.8377
-9.2851
