8.7376
8.1439
12.5608
13.3698
3.1013
1.5223
7.7240
6.7349
6.7571
5.4394
20.1521
21.6786
4.7686
5.4035
17.4851
17.7324
-1.1695
-1.9158
6.6611
5.9839
52.2669
62.0223
65.8806
78.2605
80.3201
95.9109
60.9630
72.9915
72.2892
84.5795
69.6349
82.1274
73.4694
86.5009
75.1680
88.7472
78.8168
93.0898
68.6743
82.1782
-16.6354
-21.5529
-14.9181
-18.1088
-7.9407
-12.7989
-20.4665
-25.8657
-25.5559
-31.3241
-24.7107
-31.9338
-23.5563
-28.3568
-14.1556
-16.9957
-7.0762
-8.4807
-25.5711
-30.2869
11.0218
12.2076
13.7604
15.3088
13.1793
13.0418
0.5864
-0.7503
13.9034
14.5620
11.7355
11.4081
3.9534
2.5647
5.9328
7.2405
2.3032
1.2233
-1.8635
-2.9286
1.3563
1.1949
5.2438
5.4758
2.9611
2.6626
16.2135
15.9519
3.0167
3.1803
12.7988
13.2012
4.3026
3.0459
6.6134
5.9130
-0.2885
-0.6939
3.4682
3.7955
13.8105
16.4730
11.6990
13.5847
7.4739
8.8995
7.5641
9.3627
15.6245
18.7355
11.9487
13.8192
10.3026
12.8728
15.1231
17.8715
11.1859
13.5139
20.4042
23.7148
5.7964
5.0934
0.1075
-1.5574
-3.3493
-5.0911
8.4792
8.4197
4.0022
1.4536
0.1081
-1.4877
-0.2750
-1.8944
17.5632
18.3905
11.1235
11.6894
9.9601
10.4372
8.7679
10.2382
17.5583
21.1741
12.3712
13.0961
8.2406
9.9432
7.5966
8.4604
2.1440
2.2906
3.0735
3.7067
15.7667
17.4536
11.7061
12.5717
6.7549
8.1811
2.3114
0.8722
0.4292
-1.7273
5.9562
4.2288
7.7898
6.4258
13.5788
11.3398
9.1295
6.5675
3.0665
1.1492
14.4959
12.8462
15.3691
13.1982
5.2732
3.9115
