15.3949
15.2984
14.5899
14.4399
17.0192
16.9087
17.8071
17.6548
17.1896
17.2390
26.1282
26.1124
4.0346
4.0209
27.4012
27.3591
0.7973
0.7904
12.1468
12.0476
7.2382
6.6642
10.4260
9.8318
10.6558
10.0016
7.9568
7.4012
23.7185
22.4522
9.4573
8.9641
9.0458
8.5105
14.5000
13.7035
12.5504
12.1223
5.4672
5.1798
15.1359
15.3433
13.1194
13.3686
31.6586
32.2270
10.3948
10.5449
12.0022
12.2330
28.2151
28.7299
8.7528
8.8774
1.9365
1.9557
3.9884
4.0268
3.6377
3.6579
11.8924
11.8201
16.7762
16.6522
24.2782
24.2443
10.3143
10.3793
27.0587
27.0838
26.8778
26.9604
12.2452
12.2414
2.9306
2.9105
8.1183
8.0523
2.3864
2.3723
2.1411
2.1514
7.0857
7.0895
6.6335
6.6487
25.4552
25.4668
3.7583
3.7839
17.4887
17.5304
11.8793
11.9910
13.0858
13.1514
1.7874
1.8016
3.4723
3.4816
8.4158
8.4514
10.5094
10.5513
6.1671
6.1639
4.2996
4.3209
9.9690
10.0084
10.3888
10.4113
3.5792
3.5987
11.5974
11.6444
7.2444
7.2522
16.4897
16.5702
5.3945
4.8207
2.7498
2.4188
1.8800
1.6374
4.0317
3.5232
13.0121
11.6912
3.4084
2.9799
1.4557
1.2489
8.4616
7.5601
5.4627
4.8582
3.6695
3.2299
10.1165
10.1914
14.6809
14.7414
20.0307
20.2234
6.7740
6.8105
9.8791
9.9541
4.4842
4.5269
4.7578
4.7897
22.5928
22.7380
15.3781
15.5337
7.7780
7.8930
9.6740
9.7414
11.4350
11.5221
17.3118
17.4426
17.5831
17.6870
31.4546
31.7247
25.5059
25.6885
14.6570
14.7165
29.8465
30.0376
35.8790
36.1602
13.1109
13.1966
