-0.5294
-0.3400
-0.7620
-0.3933
-1.1317
-0.4531
-0.9290
-0.4830
-1.0124
-0.4161
-1.6559
-0.6511
-0.2492
-0.1402
-1.4163
-0.6661
-0.0685
-0.0463
-0.5498
-0.2634
-1.6595
-0.2148
-2.4126
-0.2949
-3.0685
-0.2668
-2.0460
-0.2107
-2.8107
-0.5415
-2.2281
-0.2511
-2.3470
-0.2236
-3.0446
-0.3593
-2.4858
-0.3616
-1.6341
-0.1539
-1.0989
-0.4455
-0.8698
-0.3296
-2.2035
-0.9330
-0.7922
-0.3453
-0.9743
-0.3791
-1.9936
-0.8274
-0.6170
-0.2823
-0.2711
-0.1332
-0.4506
-0.1944
-0.2997
-0.1887
-0.7421
-0.3673
-1.0191
-0.5148
-1.2776
-0.5982
-0.8463
-0.2776
-1.2897
-0.7661
-1.9583
-0.8765
-0.6007
-0.2576
-0.2822
-0.1354
-0.4103
-0.2500
-0.2130
-0.1209
-0.1721
-0.1929
-0.4198
-0.3750
-0.2962
-0.2613
-1.0695
-0.8512
-0.2030
-0.2049
-0.7267
-0.5426
-0.4517
-0.3611
-0.5247
-0.4130
-0.1151
-0.1271
-0.2429
-0.2619
-1.1960
-0.2753
-1.1634
-0.3421
-0.6276
-0.2639
-0.4004
-0.2533
-1.7565
-0.3477
-1.0750
-0.3542
-0.4959
-0.1983
-1.5210
-0.3918
-0.5726
-0.2920
-1.9797
-0.6017
-1.0846
-0.1910
-0.3576
-0.1320
-0.1772
-0.0763
-0.5480
-0.1359
-2.0956
-0.2838
-0.4730
-0.1064
-0.1103
-0.0757
-1.5832
-0.1618
-1.0062
-0.1269
-0.6136
-0.1111
-0.7550
-0.3006
-1.3638
-0.4149
-1.4822
-0.6304
-0.2848
-0.2237
-0.4822
-0.3389
-0.2060
-0.1843
-0.2905
-0.1975
-1.2942
-0.6263
-1.0366
-0.5105
-0.7497
-0.2879
-0.3404
-0.2699
-0.4471
-0.3453
-0.6271
-0.4567
-0.6325
-0.4816
-1.0291
-0.8253
-0.9262
-0.6658
-0.4498
-0.3622
-1.0280
-0.7873
-1.1073
-0.9058
-0.4723
-0.3419
