-3.2561
-4.4925
-6.6398
-9.9414
-9.5744
-12.5993
-5.1333
-9.4943
-7.9161
-9.4478
-5.0379
-7.7259
-5.9938
-6.7549
-4.3441
-9.4154
-3.5094
-3.5106
-5.2955
-7.0341
3.0612
-11.0215
6.4383
-11.7808
13.8470
-6.4148
7.0988
-10.4723
9.8869
-8.7844
7.8351
-9.6457
10.7507
-6.3042
11.7787
-8.2642
8.9780
-8.7619
7.4019
-7.7388
-14.4687
-16.1153
-7.8635
-9.8064
-9.8772
-9.6653
-11.0887
-13.6318
-12.6045
-11.9243
-15.4459
-12.0024
-12.7630
-13.1191
-7.3971
-8.6042
-8.0896
-9.9380
-10.1737
-11.4878
-9.1665
-12.2354
-10.1611
-9.7950
-9.3832
-11.6670
-6.5194
-8.4334
-9.3662
-10.5541
-8.2201
-11.3066
-4.3512
-5.1201
-4.6541
-6.4874
-5.8592
-7.3977
-5.0760
-6.6404
-10.2223
-10.3157
-13.1524
-13.9303
-10.7873
-11.2146
-11.3045
-11.8462
-10.1073
-10.3512
-10.6374
-12.6134
-11.3489
-12.1518
-12.0589
-13.3512
-8.2970
-8.2645
-11.2615
-12.0903
-4.2591
-10.4858
-5.8972
-11.1155
-8.3571
-13.0086
-9.7066
-13.4088
-3.4979
-11.5769
-7.4706
-13.3034
-6.5254
-11.0682
-5.7504
-14.3610
-8.4645
-13.2212
-1.5714
-8.5412
-2.8142
-10.5290
-4.1285
-7.6955
-4.0467
-5.5751
-4.2144
-8.1141
-2.7880
-7.0808
-2.8633
-5.6371
-4.1990
-5.0028
1.5559
-7.9046
-0.4183
-7.7742
-1.9665
-6.9529
-8.5570
-12.2523
-8.0296
-14.0132
-11.4131
-10.9832
-8.9137
-11.2643
-10.8189
-15.1623
-8.2431
-10.3247
-9.3493
-10.7762
-9.5100
-13.5357
-9.0001
-7.9403
-10.3351
-12.0908
-10.0544
-9.8508
-11.4906
-11.8821
-10.5158
-11.5340
-12.2384
-13.7219
-11.8193
-12.2790
-9.6124
-8.7844
-9.6830
-11.6956
-11.2207
-14.5346
-11.0376
-12.9692
-10.1049
-10.2744
