-0.6044
-0.6972
-0.5200
-0.6432
-0.6947
-1.1604
-0.7974
-0.9725
-0.4827
-0.4428
-0.2317
-0.2614
-0.2289
-0.3559
-0.2624
-0.2746
-0.2871
-0.2238
-0.1987
-0.1986
-0.5123
-0.4408
-0.4907
-0.3083
-0.3899
-0.6852
-0.9257
-0.4208
-0.5877
-0.4669
-1.0984
-0.7012
-0.9593
-1.0718
-1.0274
-0.6013
-0.7693
-1.7583
-0.8376
-0.9409
-2.4042
-0.8266
-3.4158
-2.5384
-0.9595
-3.2838
-1.3371
-0.9379
-1.9700
-1.4558
-1.0938
-2.8184
-3.7106
-1.6794
-1.7768
-2.5799
-2.2103
-3.6512
-1.8728
-2.1318
-4.0849
-1.5681
-3.6483
-1.3581
-3.1297
-6.4398
-2.2291
-2.2201
-2.9415
-1.0579
-1.6213
-1.0893
-1.6606
-1.4880
-1.6926
-1.8448
-1.5705
-1.9608
-1.1006
-1.5299
