-6.6164
-8.5283
-5.4734
-6.9014
-6.8725
-9.4819
-8.5109
-9.2088
-5.2615
-4.8976
-1.8045
-2.1217
-2.0435
-3.5275
-2.3922
-2.4332
-2.2926
-2.1389
-1.8820
-2.1683
-5.3636
-4.6539
-5.1534
-3.0280
-3.9164
-5.7112
-7.3663
-4.5786
-6.2358
-4.9330
-11.3707
-10.4662
-13.5980
-13.2712
-13.2733
-8.5619
-11.4759
-22.2038
-11.6439
-13.1611
-14.5598
-8.3596
-18.1384
-18.2533
-11.2749
-17.9717
-13.8002
-10.2200
-14.6588
-14.5661
-10.0200
-15.8504
-18.0728
-11.5728
-11.8109
-16.7921
-19.2737
-23.3601
-13.6155
-13.8225
-23.2496
-16.3343
-17.7754
-13.6649
-19.5789
-23.6154
-16.1112
-16.2750
-17.4640
-11.4524
-16.7609
-12.3135
-17.6863
-12.3688
-17.1787
-11.4372
-13.1888
-15.0001
-7.0042
-12.7890
