0.3107
-2.8664
-2.2211
-1.5270
-2.6827
-3.0766
-3.1150
-2.4668
-2.0085
-2.6118
-2.2875
-3.6628
-4.8897
-3.0297
-2.4726
-2.9500
-3.7697
-2.7652
-3.3730
-4.8344
2.1834
1.0884
2.2057
0.2385
1.8803
0.2536
-1.7244
0.1861
-2.6562
-1.7315
-9.3456
-1.0825
-1.0040
-6.9795
-3.4128
-3.2178
-1.5854
-8.8991
-1.4904
-2.8957
-5.2701
-4.7314
-6.5910
-7.7363
-5.0500
-7.6690
-5.3532
-3.7042
-4.7640
-7.2121
-3.7557
-8.5949
-9.3175
-6.6827
-6.2433
-8.6748
-7.6390
-13.8935
-8.3830
-6.5146
-17.7558
-7.3764
-18.7895
-4.7461
-15.2473
-28.4431
-8.5715
-11.5199
-16.9798
-6.9765
-8.2768
-5.2480
-8.9432
-8.9886
-9.3264
-5.5744
-6.7655
-4.8847
-2.4120
-6.6035
