2.4793
-0.5029
-1.1803
0.5679
0.1535
3.2392
-0.0233
2.5650
-1.1015
-1.8511
-2.2570
-3.6055
-4.8330
-2.7967
-2.3945
-2.8053
-3.6912
-2.6896
-3.3209
-4.7133
3.5616
2.2103
3.8665
0.6441
2.9695
3.4360
3.6723
1.4439
-0.1798
-0.6764
0.6562
3.2012
8.7986
-0.5272
5.7845
-1.0154
2.8076
5.7582
2.2388
2.3485
8.1988
-1.6868
14.3081
9.8010
-0.4632
13.7061
2.4810
0.6195
6.8743
1.2598
1.8887
7.1848
12.3140
1.3710
2.5054
6.1889
10.7699
11.0168
1.8840
4.9978
18.9686
4.7389
8.6233
6.4641
7.8773
29.9132
9.0713
4.8397
4.4748
-0.4342
4.0754
0.1914
3.2116
-1.0881
2.2651
3.8311
1.8254
7.2218
2.4172
2.9268
