2.1686
2.3635
1.0408
2.0949
2.8361
6.3158
3.0917
5.0319
0.9070
0.7607
0.0306
0.0574
0.0568
0.2331
0.0781
0.1447
0.0785
0.0756
0.0521
0.1211
1.3782
1.1218
1.6608
0.4056
1.0892
3.1824
5.3967
1.2578
2.4763
1.0551
10.0018
4.2837
9.8026
6.4523
9.1972
2.2024
4.3930
14.6573
3.7293
5.2441
13.4688
3.0447
20.8991
17.5372
4.5868
21.3751
7.8342
4.3237
11.6383
8.4719
5.6444
15.7797
21.6315
8.0536
8.7487
14.8637
18.4088
24.9103
10.2670
11.5125
36.7244
12.1153
27.4128
11.2102
23.1245
58.3563
17.6428
16.3596
21.4546
6.5423
12.3522
5.4393
12.1549
7.9005
11.5916
9.4054
8.5910
12.1065
4.8292
9.5303
