-0.8219
-0.7435
-0.4883
-0.8259
-0.6606
-1.3916
-1.1087
-0.8251
-0.6322
-0.5244
-0.0590
-0.1354
-0.1191
-0.2113
-0.1110
-0.1088
-0.1228
-0.1787
-0.0873
-0.2129
-1.0020
-0.6481
-0.9238
-0.4850
-0.7601
-0.8309
-0.8677
-0.7828
-0.4171
-0.6033
-2.7869
-1.3734
-2.1399
-1.8437
-2.2533
-0.9227
-1.2123
-2.2456
-1.0235
-1.3598
-1.9427
-0.8330
-2.2940
-1.8481
-1.1133
-2.1309
-1.2759
-0.9524
-1.5374
-1.2688
-1.1665
-1.5708
-2.1431
-1.3441
-1.3618
-2.3876
-1.5430
-2.8273
-1.5497
-1.4576
-4.4674
-2.0240
-3.7504
-2.2325
-3.4627
-5.5227
-2.2995
-2.8870
-3.9258
-1.6386
-1.5120
-1.3710
-1.5221
-1.2223
-1.6517
-1.3661
-1.4885
-1.3920
-0.7925
-1.3413
