-4.6477
-9.3080
-6.6579
-6.7381
-6.6622
-7.2516
-8.9029
-7.5678
-6.0200
-6.5832
-3.2332
-4.4665
-5.0531
-5.5131
-3.9141
-4.2808
-4.6028
-3.7405
-4.0217
-5.2049
-2.2394
-2.6518
-1.7820
-2.0067
-1.2528
-3.0104
-4.3466
-3.0151
-6.2384
-5.2894
-13.4003
-8.5856
-6.8613
-15.2295
-9.6267
-9.4425
-9.8300
-18.8287
-10.2773
-12.1982
-8.4220
-9.4510
-7.4633
-10.5031
-11.3344
-7.4287
-11.8252
-9.2746
-9.4200
-13.4770
-8.3817
-10.4440
-8.8828
-10.3668
-9.8504
-12.5435
-10.4365
-15.7582
-12.7186
-10.3799
-12.0501
-14.9484
-15.1014
-10.1602
-17.5350
-4.8845
-11.2340
-15.2529
-17.6699
-13.3877
-13.1863
-12.0757
-15.0828
-13.6058
-15.4293
-8.4397
-11.7039
-9.2215
-4.8509
-10.2274
