-1.1595
-0.6569
-2.8741
-1.7098
-0.6398
-0.6573
-1.2234
-0.6680
-0.5427
-0.4877
-3.9496
-2.3476
-1.2027
-2.1045
-2.7920
-2.1391
-2.7341
-1.5650
-1.3440
-1.0433
-2.6252
-1.0018
-2.8965
-1.2707
-1.8141
-2.6140
-0.8459
-2.0014
-3.4129
-1.3468
-0.3625
-1.3617
-1.3539
-1.1191
-1.5492
-1.6194
-2.6819
-1.8788
-5.1395
-2.8752
-3.5273
-0.6949
-1.1529
-1.1877
-1.5133
-0.9673
-1.1521
-1.2196
-1.7939
-2.3417
-0.8116
-1.3918
-1.7411
-1.6450
-7.2392
-1.6878
-1.9712
-1.1245
-3.4400
-1.7834
-2.5997
-0.7096
-1.6743
-1.8492
-2.2546
-3.0967
-1.5924
-2.8244
-0.4833
-1.4124
-1.6835
-0.8712
-6.6314
-2.5980
-1.4194
-1.6099
-1.6563
-1.7754
-1.7526
-1.0911
-12.1623
-2.9451
-3.2967
-3.3218
-3.7294
-4.1472
-5.7150
-7.7397
-4.0213
-2.0344
-2.8730
-0.7954
-2.4938
-2.2965
-3.2255
-1.9975
-1.5639
-1.6996
-2.0876
-2.3155
-1.6478
-2.2258
-1.7514
-0.8590
-1.2319
-1.5584
-0.8273
-1.8214
-0.5408
-0.7205
-0.5089
-0.4077
-1.0597
-1.7714
-1.5780
-0.5676
-0.9550
-1.0388
-0.5523
-0.7449
-2.6386
-0.7587
-2.2440
-14.0217
-5.7851
-2.0573
-1.1808
-3.2433
-1.4583
-7.2217
-4.0154
-3.6984
-3.1476
-2.7429
-5.3022
-4.7372
-4.8473
-2.5625
-4.5957
-2.5944
-0.7867
-0.5040
-2.8012
-6.7442
-1.8812
-7.6599
-13.2620
-7.8934
-4.3248
-6.5110
-2.2779
-2.0049
-2.9671
-1.1635
-3.6269
-2.8270
-3.2426
-2.0585
-1.7246
-2.2036
-2.8379
-5.1524
-4.2992
-14.5647
-5.7947
-4.9274
-10.3179
-5.3727
-12.3652
-10.0896
-2.1216
-1.8212
-1.9131
-1.7364
-2.2222
-2.9679
-1.6940
-1.6569
-3.2509
-3.0655
-2.4934
-5.1016
-5.0372
-1.8597
-5.2683
-4.7056
-3.2716
-2.3137
-4.6669
-3.3547
-2.5190
-4.2817
-3.7620
-3.5371
-3.1485
-1.7379
-3.4023
-3.0359
-3.3015
-2.0634
-2.4544
-2.5217
-3.1744
-2.6101
-1.7340
-1.3146
-2.2668
-1.9978
-1.0129
-1.8475
-0.9634
-2.7143
-0.8552
-1.4869
-2.0740
-1.9295
-1.0542
-0.8605
-0.7502
-1.2250
-1.5022
-3.1462
-2.5237
-4.1116
-3.5928
-2.1884
-1.0909
-2.0063
-1.9217
-2.5196
-1.3147
-3.3671
-0.6115
-1.7956
-1.6860
-0.4103
-1.0652
-1.1559
-1.3695
-2.9022
-1.8210
-0.6665
-0.9241
-1.7800
-1.7520
-2.7192
-1.6170
-4.9564
-1.1089
-0.5621
-1.3234
-0.6833
-0.5796
-0.7763
-0.9528
-1.9637
-0.9231
-2.5156
-1.0835
-0.5668
-1.5074
-2.4302
-1.4716
-3.1554
-1.6213
-1.9302
-2.3855
-1.8948
-4.1939
-4.3961
-2.8247
-4.8931
-3.4971
-4.0495
-2.4423
-1.9445
-4.4086
-1.4676
-2.3303
-1.4959
