-5.4110
-4.0396
-13.2761
-8.7641
-1.1145
-3.8088
-6.8970
-4.2655
-0.6515
2.4542
0.6942
21.1110
28.5503
6.5294
30.9069
42.2259
15.3148
47.5454
27.0065
43.4225
-12.8034
-3.3150
-18.3195
-6.8466
-9.5326
-8.8892
-2.7461
-8.8109
-18.1490
-7.0135
-204.8766
-242.9378
-251.2428
-250.0688
-274.8609
-276.1289
-278.6676
-288.6224
-335.9274
-292.9025
-4.0060
9.8274
12.3998
7.5159
5.6930
4.1721
6.9961
7.2664
9.6112
6.9131
-0.4590
-6.7961
-2.8247
-6.1409
-36.5333
-5.9962
-5.0227
-4.7294
-12.8401
-5.9079
-7.2777
-0.7909
-5.1574
-4.6413
-6.9616
-8.5582
-1.3183
-6.4369
-0.4746
-3.7155
-13.0235
-2.7552
-25.7693
-6.8314
-7.5104
-9.7874
-2.2834
-6.4890
-9.3553
-7.3816
-41.9374
-20.2955
-27.1921
-27.7537
-27.3680
-33.4509
-37.1789
-36.7217
-29.9689
-18.8739
-21.7133
-9.6966
-28.4732
-28.4883
-29.2844
-41.9708
-20.2171
-18.8284
-47.0214
-25.5451
13.9767
19.0080
14.8903
13.9765
17.7736
28.3338
17.6051
15.5344
13.7945
11.9069
284.2630
269.3513
286.5481
314.5538
299.3622
319.8859
309.7516
295.2671
297.5566
291.2019
-7.0774
-1.3342
-12.9485
-33.8751
-18.4514
-4.1693
-2.1057
-6.2927
-3.4871
-30.3052
-16.3676
-16.3597
-12.4934
-10.7273
-19.6808
-18.2655
-18.3687
-10.7231
-18.4008
-10.7297
-6.8425
-5.7043
-28.6501
-25.1701
-17.0642
-51.8306
-68.4163
-41.3862
-33.4292
-38.1758
-14.6840
-10.8511
-41.5301
-32.7377
-20.3526
-22.7518
-30.5841
-14.4291
-14.6072
-3.6797
-302.7882
-325.1193
-330.2268
-390.0025
-383.9908
-336.7735
-355.3758
-326.8537
-362.5555
-369.0529
-5.9233
-5.2759
-3.8143
-4.0312
-5.3913
-10.9271
-2.5960
-4.4414
-12.0704
-9.8928
-8.8761
-20.0220
-19.0304
-6.7785
-19.1492
-17.2850
-11.9825
-8.1702
-17.1337
-13.5948
-13.7792
-17.8463
-11.0004
-13.2289
-13.3058
-11.3742
-16.0712
-8.3954
-12.2513
-4.6164
-3.1893
6.5348
1.3286
4.2045
1.4484
3.0010
9.1381
5.7819
5.2260
9.6686
-2.2697
0.4151
16.2051
7.7982
-6.7296
13.2205
14.2295
22.3546
32.2047
36.9084
-6.8642
-12.3430
-12.8539
-11.2533
-16.2179
5.7861
7.1615
5.1818
7.1193
-7.8867
8.2339
-7.5891
3.5639
5.8706
0.8998
9.7392
5.3680
6.9973
7.3688
-5.0209
34.6064
47.1903
15.0053
37.4466
6.5100
-7.7580
8.0753
-23.7216
41.9664
41.0932
284.0578
285.0388
265.2332
296.9189
297.4219
310.7397
290.6911
313.4988
290.3311
287.7485
-1.8386
-6.4650
-6.7894
-11.1162
-7.9898
-5.8287
-9.0472
-8.4805
-20.7453
-20.7466
-6.9095
-15.3349
-9.4200
-14.0489
-6.0817
-4.9126
-8.2685
-3.0109
-3.3470
-4.5504
