4.5417
-1.1796
21.2883
8.3940
2.6697
-0.7971
3.0082
-1.6880
2.6895
6.1625
31.2897
40.7590
41.1853
27.9506
63.2378
72.4138
43.7263
69.6355
38.4981
52.6048
10.4734
2.2912
15.4947
1.5017
4.8641
15.8198
4.0809
10.4223
7.5764
1.0702
-202.6645
-233.3168
-241.4762
-243.8187
-265.2944
-266.9070
-258.3252
-280.5830
-304.1492
-270.7536
30.5467
16.0055
22.7169
19.4424
20.0761
11.3117
17.9340
19.6289
27.1122
42.8930
2.7527
3.5996
9.1051
6.9686
44.7692
7.7308
9.8776
1.0112
20.8760
8.3503
14.6182
1.8964
9.3427
9.7248
13.9917
21.8495
15.2342
20.2985
0.0835
7.5598
6.5866
6.3633
29.3091
16.7203
4.5648
9.1157
26.0374
14.3972
10.7347
2.7751
18.3108
4.3739
6.7352
-0.6595
4.7889
13.5000
20.5354
21.2893
5.5372
-3.2266
-1.2353
-7.2455
-5.9499
-7.1016
-3.3333
-19.9656
-8.3645
-8.1307
-31.7548
-8.8024
24.9597
38.0933
30.1607
18.6088
27.4531
43.2882
22.2500
29.9852
15.1719
16.3048
287.2928
271.1250
297.1455
329.8756
314.6315
322.5104
315.2552
305.2811
301.4294
297.4468
15.5960
5.9742
3.3500
40.8897
18.8012
13.2428
3.0126
17.7211
8.8672
3.5285
18.1058
18.6397
10.6968
10.1336
27.7289
22.6353
21.5079
9.8438
19.7843
10.4164
-0.7448
-4.3245
-15.8479
13.5364
-6.8041
-2.5690
24.0074
1.9082
0.8762
3.7852
8.4900
0.2524
-16.0376
-25.1439
10.7807
7.4412
-6.7924
0.8203
-3.8395
8.6493
-280.6046
-287.8469
-293.3952
-308.5021
-331.6235
-308.4379
-307.4961
-295.0526
-302.9675
-308.4754
12.8790
9.8786
13.1176
9.4716
14.5101
18.9333
9.3790
11.0620
20.8787
19.5352
7.9162
27.0902
24.1184
4.4149
23.9775
20.3172
11.4940
6.4175
22.9634
13.4798
4.1128
21.9694
26.2614
20.4655
14.2882
-0.2714
16.8033
19.2232
13.0960
13.1900
18.9770
26.8528
28.2864
29.7688
17.6398
12.9291
30.6282
22.6963
12.1944
23.8317
3.3793
25.2671
21.9847
18.4042
10.9808
31.5619
28.0870
29.5164
38.6200
52.8547
2.1940
19.1343
11.6083
27.4007
19.3365
26.2934
12.5665
18.2999
20.7229
7.6093
18.2149
21.6322
6.6459
21.1224
11.8691
11.4973
13.2060
16.5264
19.2263
15.1552
52.9991
52.3759
21.8985
57.1516
28.8917
20.3526
25.8896
13.1809
53.0647
44.1138
295.0335
290.2095
268.8698
304.7557
304.6947
327.2106
296.6895
335.3160
297.5388
291.1715
12.1995
19.5829
8.2361
12.1991
0.4949
14.3100
16.3508
10.2303
20.3402
20.4780
9.7231
23.1483
15.1666
17.7002
9.1860
6.0942
21.0629
4.2143
14.4347
3.2374
