9.9527
2.8600
34.5644
17.1581
3.7842
3.0117
9.9051
2.5775
3.3410
3.7083
30.5955
19.6479
12.6350
21.4212
32.3309
30.1879
28.4116
22.0901
11.4916
9.1823
23.2768
5.6062
33.8142
8.3483
14.3967
24.7090
6.8271
19.2332
25.7254
8.0837
2.2121
9.6210
9.7665
6.2502
9.5665
9.2219
20.3425
8.0394
31.7782
22.1489
34.5528
6.1780
10.3170
11.9265
14.3831
7.1396
10.9379
12.3625
17.5010
35.9799
3.2117
10.3957
11.9298
13.1095
81.3025
13.7270
14.9002
5.7406
33.7161
14.2582
21.8959
2.6872
14.5001
14.3661
20.9533
30.4077
16.5525
26.7354
0.5582
11.2754
19.6100
9.1184
55.0784
23.5517
12.0752
18.9031
28.3209
20.8861
20.0900
10.1567
60.2482
24.6694
33.9273
27.0941
32.1570
46.9509
57.7143
58.0109
35.5060
15.6473
20.4780
2.4512
22.5233
21.3866
25.9511
22.0052
11.8526
10.6976
15.2666
16.7427
10.9830
19.0853
15.2703
4.6324
9.6795
14.9543
4.6449
14.4508
1.3774
4.3979
3.0298
1.7738
10.5974
15.3218
15.2693
2.6245
5.5036
10.0139
3.8728
6.2449
22.6734
7.3084
16.2985
74.7648
37.2526
17.4120
5.1183
24.0138
12.3543
33.8336
34.4734
34.9994
23.1902
20.8608
47.4096
40.9008
39.8766
20.5669
38.1850
21.1461
6.0977
1.3797
12.8022
38.7066
10.2601
49.2616
92.4237
43.2944
34.3054
41.9611
23.1740
11.1035
25.4925
7.5938
31.1333
30.1930
23.7917
15.2494
10.7677
12.3290
22.1836
37.2725
36.8316
81.5003
52.3673
28.3357
47.8796
31.8011
59.5881
60.5775
18.8023
15.1546
16.9319
13.5027
19.9014
29.8603
11.9750
15.5034
32.9491
29.4280
16.7922
47.1122
43.1487
11.1933
43.1267
37.6021
23.4765
14.5877
40.0971
27.0746
17.8921
39.8157
37.2618
33.6944
27.5940
11.1029
32.8744
27.6186
25.3473
17.8065
22.1662
20.3180
26.9577
25.5644
16.1914
9.9281
21.4901
16.9144
6.9684
14.1632
5.6490
24.8519
5.7795
10.6059
17.7104
18.3414
13.8574
7.1618
6.4153
15.9463
9.0581
31.4772
24.4622
38.6540
35.5544
20.5072
5.4049
13.1180
13.6035
15.4960
9.9810
29.2213
3.0820
15.2518
10.9693
1.7581
7.8380
9.5291
11.8575
20.1762
18.3926
5.1856
6.8932
19.7050
22.3817
28.1106
17.8143
36.9024
11.0983
3.0206
10.9758
5.1708
3.6366
7.8368
7.2728
16.4708
5.9984
21.8172
7.2076
3.4230
14.0381
26.0479
15.0255
23.3153
8.4847
20.1387
25.3980
18.7109
41.0856
41.2246
16.6326
38.4832
24.5866
31.7491
15.2677
11.0069
29.3314
7.2251
17.7816
7.7878
