-12.8768
-12.5558
-9.0043
-8.2904
-11.3834
-8.4884
-10.4301
-8.3827
-9.9991
-8.9817
-12.6566
-15.3554
-8.2543
-12.5952
-16.1386
-12.9291
-14.6571
-13.3459
-13.9748
-10.1859
-9.8567
-10.9467
-15.1443
-8.1270
-12.8916
-9.5768
-11.6408
-8.4603
-18.6375
-12.7895
-12.2859
-13.9177
-11.1379
-13.2549
-16.2353
-17.7158
-13.3469
-8.3738
-15.1238
-12.8040
-10.2886
-11.5110
-8.1929
-12.2463
-18.7362
-8.4078
-20.3361
-21.7894
-8.5659
-9.1891
-11.4252
-12.0440
-11.9871
-13.7251
-11.6264
-13.6342
-17.7445
-12.3520
-11.5880
-14.1543
