-5.7350
-5.6933
-4.8843
-5.2124
-6.8540
-5.0021
-5.2702
-4.2833
-4.5788
-4.8570
-2.0742
-3.5195
-1.0260
-1.5734
-2.0451
-1.8765
-2.1544
-1.3177
-2.2462
-1.7425
-10.3190
-10.6340
-14.6237
-8.7952
-13.3745
-10.0506
-12.7004
-8.4997
-17.9562
-11.9496
-11.3081
-12.4083
-11.6003
-12.9470
-15.4316
-16.8126
-11.4583
-8.7219
-13.8803
-13.5880
-8.5577
-7.6579
-6.7420
-8.9735
-11.6776
-6.5069
-13.7230
-13.2958
-7.8219
-7.3860
-11.9222
-9.7425
-10.7405
-11.5112
-9.5077
-10.6003
-15.2603
-11.0824
-11.7345
-11.4685
