-19.7199
-12.6575
-21.3870
-19.8906
-24.0273
-23.9614
-22.3434
-14.3719
-13.9760
-15.0086
-6.2313
-3.5431
-8.0139
-13.2597
-15.7248
-10.8366
-16.5822
-11.9284
-5.7131
-8.2543
-24.5907
-15.9109
-35.0235
-26.1587
-31.3786
-21.0976
-35.7622
-30.5218
-40.2686
-38.7044
-37.9776
-11.7432
-31.4640
-20.1778
-36.2101
-42.2018
-27.0819
-27.2229
-37.3320
-30.2685
-4.5129
-3.9026
-1.4985
-11.7490
-14.4133
-11.3631
-5.7006
-12.0642
-7.6783
-13.3814
-18.6974
-19.9960
-22.2357
-20.7309
-14.5009
-25.0448
-17.4201
-20.2823
-20.1628
-19.0537
