-0.5224
-2.1663
-0.6511
-0.5003
-0.7959
-0.7354
-0.3979
-0.9668
-1.8283
-0.7154
-3.8679
-2.8090
-1.1852
-1.4561
-4.1828
-1.3314
-2.1182
-2.0837
-1.4650
-2.6215
-2.2329
-2.1376
-3.9477
-7.2981
-1.0723
-2.3233
-1.0410
-1.7399
-2.0277
-2.3528
-1.2770
-1.4590
-1.7728
-2.2903
-1.4645
-1.1634
-3.1049
-2.1003
-1.0006
-2.3489
-2.2290
-5.3017
-4.6221
-6.2035
-3.5422
-4.9307
-3.7435
-5.3634
-3.8912
-3.6147
-0.9820
-2.9537
-1.4004
-1.9176
-3.7332
-1.9999
-2.6225
-3.2085
-5.4946
-3.3705
-1.0351
-0.7777
-1.8611
-1.8423
-3.2864
-1.5803
-3.1450
-4.8514
-1.7320
-2.4227
-0.9583
-2.8444
-0.8872
-1.1056
-1.0003
-1.7455
-1.7996
-2.3659
-2.4517
-25.1973
-3.2135
-2.2186
-2.7188
-3.6205
-1.2045
-1.1156
-1.2984
-1.9283
-4.5506
-1.7088
-2.5111
-2.7279
-1.0837
-1.8852
-1.5611
-5.3192
-2.9460
-1.8175
-0.9377
-1.4452
-2.2928
-1.2632
-2.2253
-1.1526
-1.6733
-1.0566
-0.9199
-2.6883
-0.6371
-1.4936
-23.6023
-25.0559
-31.3146
-15.5399
-34.4483
-18.4989
-19.7720
-11.1288
-5.8714
-16.8119
-0.8345
-0.5255
-0.6471
-0.4561
-0.8167
-0.5164
-0.6586
-0.8643
-1.1079
-0.6225
-19.8047
-15.9375
-0.8471
-0.5544
-0.7531
-0.9990
-1.5935
-1.7134
-1.5341
-0.9486
-1.1679
-1.0220
-5.0433
-0.9429
-2.0753
-1.5344
-1.4835
-1.0618
-1.6669
-2.7490
-2.6177
-1.6131
-1.3848
-1.8755
-1.3157
-2.0394
-1.1883
-1.5680
-1.8534
-1.8757
-1.9897
-1.8767
-2.6392
-0.9581
-1.0829
-1.2368
-1.3629
-1.4184
-1.8593
-2.1111
-0.9413
-2.1513
-1.4502
-1.1585
-0.5310
-0.6727
-0.8931
-1.5350
-1.6446
-2.1462
-1.5981
-5.2484
-2.2134
-2.6402
-0.8978
-4.3250
-0.8769
-1.2975
-2.3273
-2.1802
-0.1846
-4.7889
-5.2190
-0.1937
-0.1644
-0.1365
-0.2520
-0.2671
-0.5429
-0.5572
-0.3301
-1.0483
-1.0575
-0.6447
-0.3931
-0.3170
-0.7584
-0.2827
-0.6294
-0.6429
-2.6131
-1.9557
-3.0469
-2.4261
-3.9030
-2.9898
-2.3435
-2.4338
-1.8483
-1.4474
-3.0390
-2.5464
-2.8166
-3.3841
-2.1482
-3.0809
-2.4311
-2.3164
-0.5784
-1.2703
-2.5056
-2.1539
-2.3730
-1.6059
-3.9448
-2.4491
-1.9380
-3.1421
-3.3618
-3.5545
-0.1949
-0.2914
-0.2081
-0.1944
-0.2331
-0.1995
-0.1832
-0.2051
-0.2126
-0.1241
