-7.1508
-20.4022
-8.9465
-7.4685
-9.4006
-8.5847
-5.6791
-11.8032
-13.0662
-9.5479
-29.2757
-21.3050
-10.8717
-12.9091
-27.3776
-12.0390
-20.0213
-19.2675
-14.2442
-25.4370
-19.1676
-14.1051
-14.0856
-25.1959
-13.6680
-21.0004
-12.9185
-21.5275
-18.5274
-23.4562
-12.8360
-13.1598
-15.0233
-17.9679
-11.0480
-11.0610
-25.0291
-19.4610
-9.9448
-18.3651
-19.8245
-28.8043
-31.2795
-46.0228
-30.7599
-41.2809
-35.6296
-40.2760
-32.4579
-29.1156
-12.5409
-23.0271
-13.3051
-18.4560
-21.0054
-14.6663
-24.2587
-20.0802
-26.9432
-17.2631
-13.5975
-8.4329
-19.1075
-19.4827
-22.1263
-17.0927
-20.0776
-22.7805
-13.9047
-19.3965
-11.6218
-19.8789
-7.8858
-11.9152
-9.1052
-18.2319
-17.1919
-16.8486
-22.0955
-30.7124
-19.6116
-18.0539
-18.7569
-23.4592
-9.1646
-10.2040
-9.7293
-14.3661
-16.0072
-15.0599
-18.3858
-23.8242
-13.9555
-16.8337
-17.9666
-29.9817
-25.2616
-17.7233
-12.7166
-16.7569
-15.1263
-13.1682
-17.0335
-14.8424
-16.9891
-12.3422
-13.0622
-17.8873
-8.3545
-15.2157
-21.6491
-26.9260
-25.8255
-19.4850
-27.0486
-25.4839
-23.1556
-14.5434
-10.8346
-18.1903
-11.8333
-8.0178
-8.9928
-6.1120
-10.9154
-7.0010
-8.7614
-11.1647
-11.1170
-9.0869
-22.6795
-23.6260
-9.7116
-5.8049
-10.4183
-12.3604
-15.9277
-13.8841
-14.6829
-8.8409
-12.2653
-10.1682
-24.9572
-9.1600
-16.4899
-17.0904
-16.6860
-9.6854
-14.9814
-16.7650
-18.5344
-18.1801
-17.6780
-15.5092
-14.4817
-14.4147
-11.2478
-12.3404
-20.0607
-17.8423
-18.8107
-15.7300
-18.6753
-10.0706
-10.9962
-12.6022
-12.8482
-12.0044
-18.0944
-17.0600
-13.4522
-20.4013
-16.3005
-14.4929
-9.1459
-10.0224
-11.5533
-14.6706
-13.3642
-15.4642
-14.3679
-22.9352
-16.8411
-24.6029
-14.2160
-22.3272
-10.3971
-15.0050
-19.5938
-16.5579
-1.7107
-10.2745
-11.7860
-1.7732
-1.3388
-1.1897
-1.6608
-2.5618
-4.0823
-4.6711
-5.8033
-14.0859
-12.0837
-12.0680
-7.9351
-5.8225
-11.6923
-5.0122
-10.7750
-10.0589
-23.9575
-19.2157
-25.8342
-23.3744
-21.2187
-22.9776
-19.5857
-22.1233
-17.3321
-15.8287
-23.0981
-23.8790
-21.2504
-21.5961
-21.7875
-28.2645
-25.5480
-18.7235
-7.7541
-16.0587
-25.0063
-23.5224
-24.1661
-17.5832
-31.4358
-20.8143
-23.3284
-27.9467
-25.1866
-27.6060
-3.7196
-5.1648
-3.5612
-3.9140
-4.8864
-4.2450
-3.6433
-4.3422
-4.2244
-2.5294
