0.3624
-3.3125
0.4600
0.5486
0.4007
0.6246
0.9407
-0.2360
-0.3667
-0.0142
-23.9166
-10.5745
-4.0439
-1.5888
-24.0139
-3.5162
-10.1670
-13.0064
-8.6567
-26.0755
-12.9837
-11.7084
-22.6017
-30.2121
-2.9094
-12.5864
-3.4417
-9.5617
-5.8700
-11.9979
252.1695
268.3396
271.9881
272.7167
271.5942
256.4181
290.7817
278.2484
262.5575
272.6465
-17.8196
-26.2295
-18.5718
-42.8881
-18.1275
-33.2571
-25.9529
-25.9395
-15.5195
-10.1232
-2.6679
-15.1524
-7.8458
-10.2630
-14.5554
-11.0074
-10.8854
-19.3311
-23.7148
-16.7881
-7.2608
-2.6764
-12.3172
-11.5304
-15.9685
-8.0041
-16.6376
-20.0208
-5.4462
-13.6237
-284.8103
-321.4295
-286.6879
-303.2562
-289.0352
-309.5612
-310.1667
-324.7465
-315.5637
-439.0951
-20.3303
-14.3246
-17.6716
-19.9983
-9.7968
-4.7028
-6.5672
-9.3370
-24.8519
-11.9132
-3.7641
-4.9865
0.7939
-3.0426
-1.3789
-14.6058
-9.6610
-1.7946
0.5133
-1.1511
-7.0915
-4.8074
-9.9209
-4.3036
-6.1129
-5.9843
-3.5995
-14.8037
-2.2361
-6.4128
-418.9977
-435.6767
-468.4330
-389.6432
-442.9022
-414.2870
-417.7132
-346.8322
-304.8335
-356.8443
33.5432
23.3153
20.7849
15.7735
17.5164
13.2912
24.8044
12.0955
37.6398
39.8260
-123.4008
-115.7167
-11.9987
-24.5736
-9.7331
-0.1731
-31.6886
-40.9689
-34.0407
-12.1117
13.3995
-28.5024
-7.0654
-3.8027
-10.7477
-12.7345
-25.7641
-6.7467
-18.8049
-28.9611
-15.5628
-16.1378
-15.1400
-10.3435
-11.8302
-10.4696
-7.6767
-5.6813
-14.2247
-15.2481
9.4295
1.8944
9.3407
8.2812
4.1552
11.9656
4.9546
12.4642
7.8443
-0.0055
3.0176
-11.7959
-5.6494
-4.6499
-5.1329
-7.8963
-9.0269
-12.3223
-16.5955
-27.7907
-38.2788
-76.6111
-40.6359
-39.1506
-5.6972
-61.9641
-27.8499
-29.8529
-48.9026
-43.2752
-5.6833
-38.5870
-37.2294
-5.6169
-7.5198
-6.5423
-5.3664
-9.0593
-10.3187
-10.9077
11.5227
8.7764
12.2910
16.8168
17.4220
14.8442
9.4206
10.4757
12.2040
9.4584
-14.0084
-5.8181
-15.3736
-10.6393
-10.0085
-12.0572
-5.8531
-7.8161
-4.4700
-2.0803
-12.8313
-11.0558
-10.6315
-14.0979
-9.5458
-13.7876
-11.4817
-11.6042
-3.2648
-6.8998
-6.9395
-8.6920
-7.7024
-2.4814
-14.1545
-6.4680
-7.3711
-11.8480
-12.3701
-12.0024
301.7827
319.7243
285.8593
295.7641
310.7191
306.9309
305.9412
301.6353
307.7709
283.5300
