2.2094
11.5354
4.0060
2.6017
5.0663
4.7166
2.3719
5.6545
11.0624
4.3911
16.6002
19.0533
1.9767
8.2235
16.6658
4.9690
9.0552
5.3314
1.7848
3.0325
8.9089
-0.6858
-2.7227
16.4074
4.4946
10.4127
2.6372
7.6676
13.2096
14.2258
259.4603
277.6289
282.8198
289.5872
280.3409
261.2063
323.8025
299.6226
266.4947
295.6613
-6.0755
8.4354
14.0917
13.3215
6.0994
11.0732
4.8670
20.0464
14.5903
15.2525
3.8132
12.0267
1.0591
4.6636
10.1825
0.4665
15.2479
4.8159
19.4893
4.9811
-2.5228
-0.0404
5.1499
2.9593
8.9803
4.1692
7.5153
12.0455
3.7480
8.8396
-280.1767
-296.2867
-283.1870
-293.8146
-284.0384
-293.2571
-297.5134
-303.7923
-293.3757
-308.8674
9.5590
7.2285
4.5612
13.9671
-2.4851
1.6121
0.0161
4.8150
1.8576
1.6039
16.9459
21.1387
7.0062
11.1979
11.9690
36.5837
20.2594
13.7095
6.8022
11.3187
2.9690
2.7529
6.9743
2.6380
6.9018
0.1847
2.0757
4.9353
-0.0968
3.0634
-307.2415
-331.2795
-352.8042
-319.7489
-298.3592
-322.7465
-317.9535
-295.8868
-281.4679
-286.3506
44.2928
27.1568
25.8763
18.4870
24.9692
17.3434
31.8447
21.3266
56.1583
46.6887
-22.3557
-8.4957
-7.0463
-22.2098
-3.6493
7.2645
-12.2572
-23.7379
-15.8532
-7.1552
23.2614
-25.3688
38.8175
-1.4016
6.2158
-2.7266
-16.9945
-4.0158
-10.6740
-9.1007
10.3086
-1.9637
-4.8955
2.0888
-3.0185
1.6531
-0.9883
5.3071
1.2881
-4.5587
31.7815
15.3614
35.1249
12.2172
9.0017
19.8497
15.1134
20.7049
25.4429
19.8656
9.4696
5.7730
4.9566
2.8688
-2.7401
-4.4560
-4.3081
-2.7513
-6.2397
-13.4138
-26.3922
-34.8997
-22.4742
-10.2484
0.9848
-16.9200
-22.3175
-19.6210
-26.6616
-24.0430
-5.4687
-9.4527
-8.9367
-5.4756
-7.4498
-6.4841
-5.2654
-8.4260
-9.5820
-9.4437
12.4170
17.2412
22.0758
22.8739
19.7472
16.2413
15.4751
11.2849
17.8064
13.6577
14.5398
12.6247
13.4162
13.0691
18.3912
15.0463
10.4761
23.5003
10.0120
8.6492
9.0999
8.0447
13.4000
15.0165
10.9745
15.4561
9.1159
10.7874
-1.5508
1.0581
14.9115
8.5785
9.7344
8.4518
24.8741
10.2319
10.2918
12.2169
16.8651
18.0198
302.2603
322.3752
286.4945
296.3378
311.7857
307.9765
306.7200
302.7176
309.3325
283.7984
