1.8471
14.8479
3.5459
2.0531
4.6656
4.0920
1.4311
5.8905
11.4291
4.4053
40.5168
29.6278
6.0206
9.8122
40.6797
8.4853
19.2223
18.3378
10.4415
29.1080
21.8926
11.0226
19.8790
46.6195
7.4040
22.9991
6.0790
17.2293
19.0796
26.2236
7.2908
9.2893
10.8317
16.8705
8.7467
4.7882
33.0208
21.3741
3.9371
23.0147
11.7441
34.6648
32.6635
56.2096
24.2269
44.3302
30.8199
45.9858
30.1098
25.3757
6.4811
27.1791
8.9049
14.9266
24.7378
11.4739
26.1332
24.1470
43.2041
21.7692
4.7381
2.6360
17.4672
14.4897
24.9487
12.1732
24.1529
32.0663
9.1942
22.4634
4.6336
25.1428
3.5009
9.4416
4.9968
16.3041
12.6533
20.9542
22.1880
130.2277
29.8893
21.5531
22.2329
33.9654
7.3117
6.3149
6.5833
14.1520
26.7096
13.5170
20.7101
26.1252
6.2122
14.2405
13.3479
51.1895
29.9204
15.5041
6.2889
12.4698
10.0605
7.5603
16.8952
6.9416
13.0146
6.1690
5.6751
19.7391
2.1393
9.4762
111.7563
104.3972
115.6288
69.8943
144.5430
91.5406
99.7597
50.9454
23.3656
70.4937
10.7495
3.8414
5.0914
2.7135
7.4528
4.0522
7.0403
9.2311
18.5184
6.8627
101.0451
107.2209
4.9523
2.3638
6.0839
7.4376
19.4314
17.2310
18.1875
4.9565
9.8619
3.1336
45.8829
2.4011
16.9635
10.0079
8.7695
2.7310
8.1309
19.8604
25.8714
14.1741
10.2445
12.4324
8.8117
12.1227
6.6884
10.9885
15.5129
10.6894
22.3520
13.4670
25.7842
3.9360
4.8465
7.8841
10.1588
8.2407
17.5986
19.8711
6.4520
17.5690
10.6060
7.5187
2.3928
3.4403
4.7189
9.5710
10.3557
14.3770
11.8866
41.7114
18.1616
28.9022
6.6820
45.0441
5.5324
10.2319
22.2410
19.2322
0.2146
29.1343
28.2927
0.1414
0.0699
0.0582
0.1010
0.6333
0.7367
1.4641
0.8943
8.4647
9.7848
6.0571
2.3253
1.3971
6.0545
0.8092
5.6023
4.1993
28.5482
18.4428
28.7898
23.7084
28.3997
27.1035
16.3292
31.3164
14.4820
10.7295
21.9312
19.1005
24.0315
29.1144
20.5203
29.2437
20.5977
22.3917
1.7140
7.9579
21.8511
17.2705
17.4367
10.9332
39.0287
16.6999
17.6629
24.0650
29.2351
30.0222
0.4776
2.6509
0.6352
0.5736
1.0665
1.0456
0.7788
1.0823
1.5615
0.2685
