-0.1594
-0.7653
-0.2078
-0.1551
-0.3212
-0.2046
-0.1275
-0.3283
-0.5403
-0.2381
-5.3326
-5.5369
-3.6411
-3.5446
-6.6312
-2.5868
-4.0951
-3.5095
-4.4267
-5.7860
-2.4931
-1.7662
-3.9750
-4.8854
-0.9171
-1.9108
-1.0740
-1.4782
-1.4578
-1.9011
-5.3255
-7.4328
-7.5888
-8.7940
-6.9102
-5.8134
-11.9406
-8.2544
-4.6746
-8.2919
-3.8915
-6.5315
-6.2206
-8.4703
-5.2927
-7.9161
-6.3752
-8.4617
-7.6900
-6.1368
-0.5093
-1.6823
-0.8597
-1.6119
-2.6481
-1.8048
-1.8061
-3.0536
-3.7617
-2.8086
-0.6963
-0.3470
-1.2015
-1.1002
-1.8796
-0.8128
-1.8612
-3.3242
-1.9332
-1.4539
-4.8318
-9.7041
-4.5338
-6.7772
-5.0448
-7.8540
-7.5787
-8.6887
-8.3224
-34.5370
-3.1898
-2.2413
-2.6026
-2.9897
-1.2720
-1.1504
-1.1103
-1.4962
-4.2809
-1.8470
-0.9579
-1.3789
-0.5440
-0.8315
-0.8070
-2.2287
-1.5785
-0.7985
-0.4487
-0.7131
-2.4032
-1.4680
-2.3566
-1.3347
-1.9316
-1.1830
-0.6829
-2.5473
-0.7468
-1.5292
-35.2766
-30.8533
-36.6599
-22.8921
-45.1682
-28.3603
-29.6777
-19.2580
-11.6062
-22.3811
-5.8045
-3.1784
-3.1388
-2.6675
-4.5488
-3.3353
-4.3210
-5.2368
-7.3464
-4.4981
-20.1649
-19.7132
-1.9599
-2.2264
-3.3950
-2.7362
-5.7362
-3.9780
-5.0065
-1.9098
-3.2287
-2.2716
-5.8822
-1.7224
-3.6756
-3.2730
-3.3326
-2.1277
-3.5108
-4.6619
-1.4812
-1.1791
-1.2032
-1.0327
-0.9395
-0.8283
-0.5607
-1.1062
-1.2182
-1.3387
-4.1788
-3.2755
-5.0806
-2.3914
-2.0782
-2.8427
-2.4060
-2.7745
-3.7760
-3.0018
-4.2332
-5.2702
-3.3063
-3.8839
-2.2026
-3.0184
-3.3088
-4.1206
-4.1002
-5.6952
-4.6088
-8.7846
-4.2019
-6.1027
-3.6767
-9.5271
-3.5453
-3.7096
-5.9520
-3.8265
-0.1747
-4.9352
-4.5929
-0.1499
-0.1294
-0.1318
-0.1260
-0.2859
-0.3142
-0.4120
-1.6191
-4.2325
-6.2441
-3.7606
-3.4534
-2.3163
-3.6998
-1.5345
-2.3668
-2.6963
-1.7586
-1.6187
-2.3306
-2.2356
-4.0788
-2.2475
-2.4254
-2.2697
-1.4536
-1.7574
-1.9305
-1.7681
-1.1663
-1.5757
-1.1582
-2.0033
-1.5611
-1.1089
-0.2430
-0.6451
-1.4513
-1.5662
-1.3798
-0.7723
-1.9807
-0.9601
-0.9697
-1.6388
-1.4295
-1.9722
-2.9444
-5.9251
-2.8399
-3.0700
-3.8666
-4.0089
-3.6009
-3.8317
-4.6450
-2.5039
