-6.1092
-12.2510
-6.5048
-6.1228
-6.2717
-5.6356
-4.4636
-8.2582
-5.4153
-6.7413
-17.7310
-9.1521
-11.8626
-9.3301
-17.3967
-10.5795
-14.8889
-16.7193
-15.5318
-24.3930
-11.1591
-15.5702
-19.0410
-17.8023
-9.9961
-12.4193
-10.7132
-14.6360
-8.2836
-11.2282
115.8407
127.5827
127.3797
128.3369
130.5615
118.7402
144.6783
133.9760
120.2318
131.6742
-26.3058
-27.0174
-26.0835
-39.1967
-30.3573
-37.1829
-35.1631
-31.5657
-28.0691
-24.2811
-9.6760
-13.6426
-11.7699
-14.6120
-14.5217
-15.5956
-12.1241
-18.3196
-14.0000
-15.7326
-14.9289
-8.7924
-13.8447
-15.9915
-15.6639
-13.2492
-14.9111
-16.5430
-12.3519
-12.4344
-155.9819
-177.7523
-154.5235
-162.0086
-156.4313
-170.1697
-173.1606
-176.6794
-175.1100
-240.9335
-12.5546
-11.0603
-15.5587
-12.1734
-10.1515
-8.5978
-9.0421
-11.1880
-17.6269
-13.3091
-5.5564
-6.6997
-8.8273
-8.3050
-8.4799
-1.2543
-8.9134
-6.9568
-7.8352
-7.9405
-14.9599
-11.9185
-12.7823
-11.8674
-11.2143
-11.4344
-10.5820
-14.3666
-8.1974
-13.1484
-228.1574
-244.3153
-269.3251
-216.5084
-247.6022
-232.6504
-230.7074
-194.2495
-171.9627
-200.5406
17.1942
7.3252
5.6061
3.5174
4.7017
3.4285
10.7353
2.6481
26.3817
19.2735
-56.8192
-42.5139
-13.5323
-18.5637
-11.7665
-7.6470
-21.5788
-28.1998
-22.7847
-13.4233
0.1278
-24.7271
-0.2417
-11.5607
-12.3154
-19.9066
-27.2764
-13.8508
-23.2158
-22.8413
-8.1683
-17.3443
-18.9193
-12.8169
-15.1204
-11.5503
-10.7611
-7.3665
-17.4775
-19.5335
1.1326
-6.4273
4.2073
-4.6528
-7.0728
-2.6502
-4.9543
-0.9878
-2.1653
-4.5597
-8.5513
-17.7096
-13.9301
-13.8359
-12.1326
-14.1163
-15.6857
-18.2551
-18.2386
-25.3647
-30.0875
-48.7024
-29.3992
-27.8468
-12.8261
-31.9312
-23.0109
-26.0068
-34.6382
-29.2077
-4.7232
-22.4600
-23.6426
-4.8112
-5.3335
-4.6866
-4.6379
-7.0497
-9.5125
-10.0841
-1.0949
-3.9605
1.0171
1.3008
1.9207
1.0253
-3.8677
-0.7920
-1.6846
-3.7267
-11.5865
-10.0148
-15.5247
-13.8919
-10.3853
-12.4591
-13.8749
-3.8235
-10.6321
-10.4573
-17.6171
-18.3116
-10.5773
-10.2539
-12.8361
-16.2713
-18.5030
-9.9448
-8.7400
-14.6797
-13.7549
-16.7153
-16.9540
-11.5969
-12.4037
-13.2511
-15.2967
-18.8334
-12.8073
-14.5390
144.8652
157.6919
137.3044
142.0163
149.8586
148.7529
148.0015
145.7987
150.6104
137.0137
