-1.2041
-1.1803
-1.5574
-1.4948
-1.4985
-1.4796
-2.1432
-2.0829
-1.4410
-1.4351
-3.6450
-3.5816
-1.4405
-1.4267
-1.5408
-1.4719
-2.8713
-2.7955
-1.4924
-1.4540
-1.4102
-1.3971
-1.2221
-1.2251
-1.1038
-1.1192
-0.7951
-0.8013
-1.0864
-1.1047
-0.8565
-0.8685
-1.3691
-1.3751
-1.1248
-1.1161
-1.2564
-1.2449
-1.0254
-1.0327
-0.8130
-0.7948
-2.0084
-1.9442
-1.3425
-1.3130
-1.2964
-1.2875
-1.2355
-1.1933
-1.3165
-1.3023
-1.6501
-1.6284
-1.0037
-0.9978
-1.2262
-1.2129
-2.8728
-2.7901
-1.6917
-1.6762
-2.0853
-2.1019
-0.8007
-0.7670
-1.1224
-1.0877
-1.5992
-1.5516
-1.2640
-1.2378
-1.2891
-1.2652
-1.2961
-1.2855
-1.7850
-1.8010
-1.0889
-1.0909
-0.7826
-0.7612
-0.8535
-0.8281
-2.7926
-2.5948
-0.5782
-0.5669
-1.3872
-1.3282
-0.7348
-0.7193
-1.1816
-1.1336
-0.5924
-0.5812
-3.5771
-3.3445
-0.9558
-0.9250
-0.8079
-0.7855
-0.9752
-0.9418
-0.9767
-0.9546
-1.2371
-1.1903
-2.5934
-2.4502
-3.9417
-3.6608
-1.3430
-1.3128
-0.7848
-0.7477
-1.5562
-1.4827
-1.2642
-1.2063
-0.8687
-0.8646
-0.7790
-0.7938
-0.9555
-0.9513
-1.5772
-1.5339
-1.4576
-1.4300
-3.2557
-3.1886
-0.5704
-0.5663
-2.9202
-2.8286
-1.0583
-1.0674
-0.9450
-0.9221
-2.8805
-2.8407
-1.9657
-1.9050
-2.4751
-2.4161
-2.8297
-2.7328
-1.4774
-1.4213
-1.7394
-1.7117
-1.1838
-1.1700
-1.0669
-1.0619
-0.9373
-0.9388
-1.1558
-1.1399
-1.1592
-1.0853
-1.0511
-1.0301
-0.7444
-0.7129
-1.1243
-1.0665
-2.5677
-2.3790
-0.7802
-0.7632
-5.1648
-4.9881
-2.9068
-2.7215
-0.7438
-0.7065
-0.8234
-0.7897
-1.5098
-1.4238
-0.9397
-0.9064
-1.0060
-0.9586
-1.1978
-1.1296
-0.9055
-0.8675
-1.1187
-1.0511
-2.5703
-2.3893
-1.0953
-1.0418
-0.9470
-0.9036
-1.0097
-0.9827
-1.0937
-1.0602
-2.3534
-2.3313
-1.4673
-1.4500
-1.1683
-1.1436
-2.3751
-2.3085
-1.4868
-1.4471
-2.5020
-2.4475
-2.6866
-2.6046
-1.7245
-1.6986
-3.5396
-3.4461
-2.0018
-1.9803
-1.6129
-1.5911
-1.6188
-1.5778
-3.0081
-2.8441
-2.0554
-2.0305
-2.3452
-2.3140
-3.1044
-3.0655
-2.4582
-2.3675
-4.0069
-4.0015
-1.6987
-1.6813
-2.1441
-2.1029
-2.7595
-2.7258
-1.9591
-1.9102
-3.1932
-3.1485
-1.8372
-1.8125
-2.2783
-2.2311
-2.8774
-2.8188
-3.1312
-2.9930
-2.4411
-2.3771
-1.3362
-1.3458
-1.4066
-1.3932
-2.2361
-2.2027
-2.5579
-2.5208
-2.8324
-2.7852
-2.4292
-2.4228
-2.2226
-2.1726
-2.4402
-2.3459
-1.6154
-1.6003
-2.0803
-2.0684
-1.7271
-1.7249
-1.1095
-1.1002
-2.0075
-2.0527
-1.3093
-1.3094
-1.5263
-1.5148
-1.4531
-1.4250
-2.4625
-2.4009
-2.0134
-1.9804
-1.4832
-1.4530
-1.3628
-1.3650
-1.7437
-1.7290
-1.8495
-1.8274
-0.7682
-0.7730
-1.1193
-1.1407
-2.8187
-2.7616
-2.6474
-2.5654
-3.8343
-3.7310
-2.0676
-2.0418
-1.5021
-1.4852
-2.1731
-2.2316
-1.5054
-1.5044
-4.0391
-3.9133
-3.4016
-3.3151
-2.6490
-2.5672
-1.9362
-1.8911
-1.4506
-1.4541
-1.4558
-1.4521
-2.6767
-2.6352
-2.9399
-2.8776
-1.5497
-1.5265
-2.1184
-2.1004
