-15.7403
-15.6378
-17.1234
-16.9928
-18.3681
-18.4065
-20.3908
-20.3838
-13.2123
-13.2305
-22.8976
-22.8913
-17.2442
-17.2593
-14.1385
-13.9977
-19.6953
-19.6423
-15.4789
-15.4099
-13.1787
-13.4711
-12.9053
-13.2146
-9.3460
-9.5601
-8.5765
-8.7685
-11.6504
-11.8933
-8.7962
-9.0169
-10.8622
-11.1645
-8.7064
-8.8845
-10.3476
-10.5693
-9.3314
-9.5434
-12.0840
-12.0316
-20.4274
-20.3082
-17.3488
-17.3546
-18.1073
-18.1667
-15.9887
-15.9114
-16.7426
-16.7372
-20.2051
-20.1771
-15.8440
-15.8799
-16.9389
-16.9956
-24.5810
-24.5466
-12.8475
-12.8522
-15.7881
-15.8519
-8.1970
-8.1059
-12.4954
-12.3695
-16.2041
-16.1424
-12.9577
-12.8715
-14.7109
-14.6453
-13.3569
-13.3103
-14.4847
-14.6281
-10.3719
-10.3685
-9.6498
-9.2091
-10.9245
-10.4608
-15.0166
-14.4778
-7.8726
-7.4797
-12.7375
-12.2152
-9.4621
-9.0346
-11.4668
-11.0329
-8.2963
-7.8777
-18.7367
-18.1355
-12.6584
-12.0678
-12.1088
-11.5223
-14.1419
-13.6020
-11.1606
-10.6518
-13.5127
-12.9817
-16.1323
-15.5449
-17.6153
-16.9341
-13.2814
-12.7499
-8.2685
-7.8708
-15.1454
-14.5435
-12.7139
-12.2269
-13.3764
-13.4000
-13.3486
-13.4111
-13.0183
-13.0155
-15.8029
-15.7392
-17.9580
-17.9291
-25.8466
-25.8030
-8.8367
-8.8322
-23.3966
-23.4082
-15.6681
-15.7258
-12.7923
-12.7189
-23.2305
-23.1947
-19.9056
-19.8705
-19.7745
-19.6312
-20.2452
-20.1380
-14.0580
-13.9440
-17.1272
-17.0720
-15.6344
-15.6216
-14.6417
-14.6204
-14.0587
-14.0560
-14.5868
-14.5838
-10.2954
-9.8783
-11.4805
-11.0163
-8.1526
-7.7604
-12.1861
-11.6671
-18.7058
-18.0667
-8.2768
-7.9116
-20.3648
-19.7366
-21.8750
-21.1484
-8.5628
-8.1733
-9.0945
-8.6838
-11.6604
-11.2242
-12.0694
-11.5789
-12.1276
-11.6334
-13.9049
-13.3711
-11.7053
-11.2105
-13.6737
-13.0462
-18.1260
-17.5330
-12.4803
-11.9598
-11.8578
-11.3765
-14.3080
-13.7473
-12.1276
-12.0491
-21.1507
-21.3196
-15.4283
-15.4904
-13.5993
-13.5387
-20.1460
-20.0402
-16.0930
-16.0285
-19.5399
-19.5145
-22.7401
-22.7872
-17.3066
-17.1945
-24.0425
-24.0050
-15.5644
-15.6589
-11.5391
-11.5667
-15.6296
-15.6417
-19.9586
-20.0578
-15.7318
-15.7172
-17.0231
-17.0937
-19.4029
-19.5797
-16.3920
-16.3366
-19.3210
-19.3952
-16.4246
-16.3741
-15.0672
-15.1588
-17.5065
-17.6708
-16.1052
-16.2432
-18.7160
-18.6750
-16.1137
-16.1796
-16.3610
-16.3624
-15.7141
-15.7427
-18.6422
-18.6955
-16.5527
-16.5870
-14.2444
-14.3656
-11.7499
-11.8232
-12.8456
-12.9454
-14.6846
-14.8521
-13.8815
-14.0167
-13.8201
-14.0028
-14.7683
-14.9226
-14.9747
-14.8868
-14.3648
-14.3747
-16.6360
-16.8127
-12.5993
-12.7124
-11.9037
-12.1153
-12.7115
-12.9693
-11.6627
-11.8351
-13.5823
-13.7014
-13.7346
-13.7693
-18.6735
-18.8362
-16.0087
-16.2540
-10.8104
-10.8538
-10.5414
-10.7079
-17.3936
-17.5693
-13.0837
-13.1550
-9.0149
-9.0227
-13.2740
-13.3539
-19.0563
-19.0296
-14.6608
-14.7866
-17.6459
-17.6942
-15.9187
-15.9777
-13.4466
-13.4827
-12.2328
-12.4548
-13.3410
-13.3846
-24.6976
-24.7125
-19.1760
-19.2620
-18.0714
-18.2712
-14.1943
-14.2420
-12.9440
-13.0151
-12.4708
-12.4360
-21.5317
-21.5236
-17.6697
-17.6498
-12.5274
-12.5380
-15.8791
-15.9461
