-8.6668
-10.4258
-5.6651
-5.9310
-4.9435
-4.9657
-8.6701
-9.0639
-5.9423
-6.1310
-12.8220
-13.1552
-5.9328
-6.3379
-5.9743
-6.5620
-13.2228
-14.2190
-7.6316
-8.6895
-8.8025
-8.7937
0.4436
2.6083
-13.1864
-13.6995
-9.9300
-10.1119
-12.5378
-13.4776
-15.1828
-16.4065
-15.3121
-16.1708
-5.4027
-4.7976
-4.9256
-3.8062
-6.1578
-5.3997
-6.2124
-7.6284
-11.7061
-13.1104
-6.5139
-7.3701
-5.5751
-5.9269
-6.8875
-8.0147
-6.5199
-7.3723
-8.3317
-9.1179
-3.8544
-4.4955
-6.6155
-7.2132
-13.7694
-15.2035
-0.6668
1.7075
4.6250
9.4140
0.2258
1.3309
-4.1349
-3.6287
-7.5987
-7.1683
-1.4449
-0.0458
-8.6619
-9.0705
-5.7980
-5.6081
1.2287
4.3871
-0.2632
1.5495
-11.7090
-11.8221
2.6341
5.8910
-26.7155
-26.8832
-15.1024
-16.3141
-20.7714
-21.7424
-5.5375
-4.2799
-25.8288
-28.5071
-19.3075
-21.6493
-33.7292
-34.9345
-24.1359
-26.5403
-26.5576
-29.7726
12.8169
18.1799
-16.7097
-17.9914
-0.0934
2.8855
-28.8910
-30.1832
-37.4057
-39.2322
-11.5369
-10.9250
-15.4886
-16.4026
-23.1343
-24.6021
-18.3712
-19.0803
-2.8123
-3.2384
-1.7423
-1.8543
-3.9206
-4.5472
-5.1085
-5.5325
-7.3496
-8.2591
-16.1357
-17.5819
-1.6463
-1.9000
-6.9178
-6.3653
-5.0796
-5.8155
-3.6216
-4.2115
-8.0661
-7.9383
-6.4171
-6.9438
-9.6493
-10.7281
-9.9445
-10.9743
-8.5659
-9.8615
-6.2211
-6.5678
-2.5020
-2.4624
-4.3295
-5.0234
-4.4695
-5.1660
-5.2264
-5.9066
14.8766
20.9271
16.1671
21.4021
17.6560
23.3251
7.7316
12.0174
-0.6932
3.7978
3.4910
6.2111
-4.2778
1.2318
2.6858
8.7104
10.0950
14.3922
2.2652
4.7950
-3.8097
-2.0371
-2.3140
-0.7891
-4.6693
-3.2485
-1.9204
0.2766
5.2100
8.6226
-7.9236
-6.5197
-2.2241
1.9942
-1.3544
0.9875
-0.7497
1.4045
2.1516
5.1639
6.2396
9.6625
1.8812
6.3527
5.6912
9.6739
2.5987
5.0070
-3.1882
-1.0983
-0.4130
1.6115
-0.7920
2.5619
0.1855
4.6181
-0.3534
1.8836
0.0946
4.7757
-8.1559
-7.8672
-6.1818
-5.8717
1.5926
4.3815
0.9361
5.4582
-5.2645
-4.4323
-10.8882
-10.9026
-12.2188
-11.7563
-4.7297
-3.6224
-13.0751
-12.2069
-5.9918
-5.1348
-1.0109
1.9328
-7.5258
-5.7661
0.2860
3.3903
-14.4067
-15.0027
-7.2901
-6.7760
-5.8077
-4.6303
-10.5523
-10.2555
-2.2783
1.1793
-7.9410
-7.2142
0.7465
3.0676
-0.0126
2.1631
-7.2417
-6.6307
-2.2509
0.6193
-9.5749
-8.8895
-7.5557
-6.4725
-4.7779
-3.0068
-1.0925
0.9401
-3.5399
-2.6170
-5.0656
-3.4064
-11.1399
-12.2610
3.3757
6.5878
-3.7481
-1.4918
0.9343
3.6017
-0.6003
1.7541
-3.0052
-1.8716
-3.9788
-1.2276
-4.1498
-1.9047
-4.7962
-4.3629
1.3605
3.9443
-2.7993
-0.5345
-10.7729
-11.6500
-0.8073
-0.3075
-3.7716
-3.3394
-3.3006
-0.8906
-5.0911
-2.7809
-12.1454
-11.2138
-6.1630
-5.1091
-5.0427
-4.5285
-9.1833
-9.1300
-5.2133
-4.6120
-12.1867
-10.9489
-5.2135
-2.5762
2.0920
6.9396
-3.1484
-1.4084
-2.5651
-1.5165
-3.4578
-2.7571
-10.8557
-10.3396
-11.9870
-12.2105
-3.8178
-2.9563
-6.8447
-6.1613
