0.2182
-1.5431
7.8582
7.5300
9.1634
9.0431
10.0906
9.5593
4.5466
4.3555
20.0629
19.6193
6.0124
5.5423
4.0300
3.3281
11.7253
10.6854
3.3120
2.1881
0.8222
1.0220
9.8059
12.1559
-6.9036
-7.3158
-5.9963
-6.1243
-6.0010
-6.8156
-11.2348
-12.3909
-5.7277
-6.3680
1.0819
1.7603
3.9146
5.1818
1.4308
2.3285
-2.3219
-3.7486
8.4229
7.0452
3.7784
2.9234
6.1940
5.8319
1.0844
-0.0861
4.5631
3.6968
7.6142
6.8333
4.2289
3.6216
3.3763
2.7328
13.4979
12.0391
12.8672
15.2398
22.3951
27.2100
3.2624
4.3250
2.8040
3.2069
4.7153
5.0071
6.9431
8.2594
1.3351
0.8039
4.3656
4.5029
15.7036
18.8330
6.8575
8.6790
-4.6625
-5.5384
9.8876
12.4366
-3.9919
-5.2770
-10.8307
-12.5387
-6.2189
-8.4125
0.1854
0.8817
-14.4791
-17.9096
-16.3971
-19.0460
-2.9139
-5.6882
-16.7639
-19.8667
-18.8176
-22.7947
21.7173
26.1894
-9.9347
-11.8528
9.9838
12.0261
-4.7337
-7.4491
-7.6946
-11.2132
-0.7658
-0.9604
-11.0502
-12.3273
-9.7962
-12.3300
-4.6713
-6.4026
2.5402
2.1228
2.8349
2.7209
1.8748
1.2579
7.0568
6.5892
5.5984
4.6629
15.9992
14.5731
0.1013
-0.1564
16.7412
17.1891
2.2866
1.5550
1.4390
0.8449
19.0453
19.0365
9.7229
9.1712
9.8565
8.7258
11.7173
10.5570
1.2293
-0.1521
7.1585
6.7048
5.9162
5.9126
2.8959
2.1897
1.9874
1.2946
2.6878
1.9577
22.3265
27.8882
22.7004
27.6152
21.0583
26.5489
15.4782
19.2214
23.1991
26.3976
7.3955
9.9604
38.7914
42.5903
32.2182
36.6682
14.4121
18.3709
6.9134
9.1056
8.2473
9.2109
4.4636
5.5341
2.9169
3.7228
8.2525
9.6618
11.5352
14.4626
1.5303
2.1037
22.5976
25.2462
6.9959
8.6687
6.6123
8.0928
10.8406
13.0706
11.8799
15.2528
24.7381
29.1253
15.7068
19.6049
9.4635
11.8217
15.5520
17.5249
11.9440
13.8755
18.9457
22.1281
24.8196
29.0655
12.6285
14.7813
32.4921
36.9134
5.9242
6.2150
3.7938
4.0424
13.2575
15.9946
26.5032
30.8167
12.4363
13.1087
7.0754
7.0431
13.1329
13.6076
12.6909
13.6235
22.4559
23.2052
7.7980
8.6114
15.4293
18.2800
12.9651
14.6389
15.9464
18.9764
11.5842
10.9203
7.1847
7.6827
12.0290
13.1027
10.7495
10.9975
24.1805
27.4936
10.3674
11.0287
11.3212
13.6701
9.8582
11.9783
8.8428
9.4457
17.5964
20.3627
11.7409
12.3256
11.6260
12.6667
13.6467
15.3128
16.3812
18.2256
7.9822
8.8579
12.3827
14.0068
0.8121
-0.2558
13.7089
16.9610
12.4489
14.7392
10.8100
13.5299
10.4193
12.7390
6.8674
7.9678
18.9111
21.6355
14.4081
16.6846
4.6644
5.1339
11.0328
13.6581
14.2876
16.5645
2.1536
1.2477
2.7755
3.2576
6.4007
6.8980
19.7867
22.0444
16.4197
18.7343
18.9718
19.6744
9.6350
10.6110
5.1125
5.5843
7.2527
7.2934
4.6749
5.2232
24.0036
25.1841
22.7739
25.1930
27.0290
31.8077
10.6525
12.3016
6.6590
7.7258
6.4852
7.1716
17.2881
17.8331
12.2609
12.0348
5.0919
5.8999
9.6596
10.3862
