8.8850
8.8827
13.5233
13.4610
14.1069
14.0088
18.7607
18.6231
10.4889
10.4865
32.8849
32.7745
11.9453
11.8802
10.0043
9.8901
24.9482
24.9044
10.9436
10.8776
9.6247
9.8157
9.3622
9.5476
6.2828
6.3837
3.9337
3.9876
6.5368
6.6620
3.9481
4.0157
9.5843
9.8028
6.4846
6.5579
8.8402
8.9880
7.5886
7.7282
3.8905
3.8799
20.1290
20.1557
10.2923
10.2935
11.7691
11.7588
7.9718
7.9287
11.0830
11.0691
15.9458
15.9512
8.0833
8.1172
9.9919
9.9459
27.2672
27.2425
13.5340
13.5323
17.7701
17.7960
3.0366
2.9941
6.9389
6.8356
12.3139
12.1754
8.3880
8.3052
9.9970
9.8743
10.1635
10.1109
14.4749
14.4459
7.1207
7.1295
7.0465
6.2837
7.2535
6.5456
22.7236
21.6062
4.2717
3.7754
14.5524
13.3299
5.7230
5.1616
11.3497
10.5974
2.9103
2.6033
30.8153
29.2463
7.3720
6.6736
7.7400
6.9779
8.9005
8.0094
6.7749
6.1386
10.0772
9.1405
24.1573
22.7341
29.7111
28.0190
10.7711
9.9645
4.4385
4.0753
13.3380
12.2721
13.6999
12.6778
5.3525
5.3612
4.5772
4.5753
5.7954
5.8051
12.1653
12.1217
12.9480
12.9220
32.1349
32.1549
1.7476
1.7436
23.6590
23.5545
7.3662
7.3706
5.0606
5.0564
27.1114
26.9748
16.1400
16.1149
19.5058
19.4539
21.6618
21.5313
9.7951
9.7094
13.3796
13.2726
8.4182
8.3750
7.2254
7.2130
6.4569
6.4606
7.9142
7.8643
7.4499
6.9611
6.5334
6.2131
3.4023
3.2238
7.7466
7.2040
23.8923
22.5998
3.9045
3.7493
43.0691
41.3585
29.5325
27.9578
4.3171
3.9787
4.6483
4.3106
12.0570
11.2481
6.7776
6.3232
7.5862
6.9713
10.1728
9.3852
6.3252
5.8400
9.4539
8.6233
24.8216
23.2520
8.3503
7.6812
7.3620
6.6883
8.6890
7.9067
5.6403
5.5903
22.8569
22.7726
10.0156
9.9310
6.8648
6.8147
18.7402
18.6233
12.3571
12.2640
19.7376
19.5662
24.6341
24.4473
12.9819
12.8977
32.3974
32.1377
14.0801
14.0823
9.9756
9.9141
11.6649
11.6131
25.5671
25.3585
17.7007
17.5411
17.9636
17.9457
25.3517
25.3639
17.4206
17.2459
35.5310
35.4121
13.7898
13.7461
16.4402
16.3472
20.4909
20.4050
15.6604
15.5861
25.9909
25.9230
14.4748
14.4586
17.8367
17.7331
21.3018
21.2530
26.4587
26.3143
18.3084
18.2429
10.5747
10.6025
9.8709
9.8152
16.0845
16.0764
19.8473
19.7434
21.3158
21.2151
19.1817
19.1392
18.4247
18.3196
17.4738
17.2855
11.5220
11.4749
17.4482
17.4132
11.9520
12.0051
10.3333
10.3732
16.1970
16.2309
9.8757
9.9282
11.0195
10.9848
9.8726
9.8394
22.8899
22.8631
18.5578
18.5893
9.4606
9.4968
9.6723
9.7138
17.0869
17.0991
12.9264
12.8976
3.5828
3.5652
10.1723
10.2374
23.0873
22.9349
21.5109
21.5151
31.1172
30.8883
15.7981
15.7201
10.1552
10.1128
16.4360
16.4234
9.8882
9.8352
36.1903
36.1330
27.9874
27.7693
24.9370
24.8681
13.8009
13.7100
9.2241
9.2423
9.9429
9.9287
28.1438
28.1727
24.2479
24.2453
8.9097
8.8561
16.5043
16.5475
