-0.5244
-0.3418
-0.7533
-0.3886
-0.6969
-0.4107
-0.8522
-0.5470
-0.5927
-0.2723
-1.2889
-0.7829
-0.5140
-0.3970
-0.6629
-0.3301
-1.4651
-0.6500
-0.5117
-0.3298
-0.5431
-0.2581
-0.6342
-0.2418
-0.4034
-0.1478
-0.2845
-0.1123
-0.5592
-0.1978
-0.3055
-0.1141
-0.6345
-0.2108
-0.3342
-0.1378
-0.4429
-0.2012
-0.4697
-0.1666
-0.2340
-0.2222
-0.8765
-0.5031
-0.5160
-0.3439
-0.5827
-0.3764
-0.6064
-0.3616
-0.5106
-0.3794
-0.6702
-0.4721
-0.4128
-0.2937
-0.6177
-0.3533
-1.1160
-0.7660
-0.7446
-0.3452
-1.7064
-0.5453
-0.2513
-0.1418
-0.3860
-0.2521
-0.5786
-0.3619
-0.4049
-0.2553
-0.5095
-0.2877
-0.4104
-0.3160
-1.1733
-0.4090
-0.4360
-0.1878
-1.0852
-0.1631
-1.1457
-0.1891
-2.4865
-0.7384
-0.5561
-0.1142
-2.2031
-0.3340
-0.8665
-0.1480
-1.7208
-0.2871
-0.2488
-0.1240
-3.9527
-1.1282
-0.9912
-0.2414
-1.0142
-0.2051
-1.8814
-0.2386
-1.0079
-0.1991
-1.7274
-0.2505
-3.0177
-0.7925
-3.2991
-1.0233
-1.3842
-0.2906
-0.3825
-0.1262
-1.9569
-0.3225
-2.1936
-0.3471
-0.2887
-0.2478
-0.2740
-0.2352
-0.2824
-0.2439
-0.5142
-0.3310
-0.6238
-0.4150
-1.2909
-0.9146
-0.1343
-0.1373
-1.0504
-0.6668
-0.4964
-0.3069
-0.4186
-0.2656
-1.1957
-0.8402
-0.7084
-0.4685
-1.0390
-0.7058
-0.9955
-0.6590
-0.4735
-0.3007
-0.6786
-0.5131
-0.4484
-0.3074
-0.3733
-0.2986
-0.3294
-0.2744
-0.4691
-0.3104
-0.4873
-0.2027
-0.3559
-0.2374
-0.2011
-0.1356
-0.5308
-0.2491
-1.6618
-0.6231
-0.2273
-0.1570
-2.5459
-1.3982
-2.3020
-0.7885
-0.2825
-0.1435
-0.2799
-0.1568
-1.4113
-0.3080
-0.6416
-0.2365
-0.8867
-0.2319
-1.1742
-0.2815
-0.5438
-0.2212
-0.8417
-0.2918
-3.3361
-0.7630
-1.0009
-0.2427
-1.1487
-0.2111
-1.4222
-0.2505
-0.2736
-0.2258
-1.6228
-0.5832
-0.7224
-0.3118
-0.3830
-0.2766
-0.9539
-0.5705
-0.5083
-0.3449
-0.9475
-0.5884
-1.5043
-0.6413
-0.6488
-0.4065
-1.4160
-0.9194
-0.9780
-0.3718
-0.5194
-0.2987
-0.5684
-0.3253
-1.5948
-0.6636
-0.9049
-0.4475
-1.1612
-0.4525
-1.8397
-0.7486
-0.7689
-0.5261
-1.3874
-0.9826
-0.6156
-0.3818
-1.1042
-0.4087
-1.5395
-0.6039
-1.2071
-0.4069
-1.2813
-0.6489
-0.8185
-0.3652
-0.9343
-0.5226
-1.1051
-0.5679
-1.5229
-0.6893
-0.8292
-0.4491
-0.9577
-0.3019
-0.6017
-0.2411
-1.0276
-0.4050
-1.3895
-0.5412
-1.1453
-0.5886
-1.3886
-0.4339
-1.1004
-0.4056
-0.7821
-0.4754
-0.5776
-0.3700
-1.3144
-0.4386
-0.8332
-0.2751
-1.4241
-0.2195
-1.8066
-0.3627
-1.0967
-0.2065
-0.8783
-0.2981
-0.6599
-0.2931
-1.8466
-0.5671
-1.9475
-0.4495
-0.5702
-0.2374
-1.1483
-0.2111
-1.5623
-0.4493
-0.6189
-0.3299
-0.2344
-0.1589
-0.8600
-0.2698
-0.9847
-0.6537
-1.3690
-0.5456
-1.4049
-0.9134
-0.7919
-0.4827
-0.5093
-0.3016
-1.6013
-0.4941
-0.5085
-0.3255
-1.9163
-1.0808
-1.3867
-0.8325
-2.3243
-0.7159
-0.6711
-0.3765
-0.6268
-0.2802
-0.3810
-0.2670
-1.0051
-0.6586
-1.1915
-0.6146
-0.4851
-0.2794
-1.0064
-0.4584
