-11.1401
-12.5216
-8.5973
-10.9964
-8.6717
-11.0249
-9.4678
-12.3954
-8.5250
-9.7562
-4.1847
-7.5759
-10.3592
-12.5914
-8.7868
-12.2138
-7.8930
-8.7022
-10.1538
-12.8440
-8.6150
-9.5229
-5.9068
-8.6789
-6.9788
-6.9419
-5.7411
-7.3036
-7.2807
-8.9996
-6.1804
-7.7913
-6.1894
-6.1833
-6.5586
-6.3783
-6.4511
-6.6484
-5.2936
-5.7131
-10.2214
-11.5782
-9.9660
-11.7100
-10.8805
-13.0530
-9.7197
-12.3360
-10.4294
-14.1334
-9.4330
-11.4379
-10.6820
-11.9558
-10.1686
-11.1842
-10.0409
-14.6444
-9.2787
-9.7023
-6.7823
-7.9390
-3.4892
-8.9680
-7.0205
-8.6416
-10.5630
-11.9043
-12.2032
-14.6312
-9.0619
-11.6073
-11.1646
-12.9043
-9.2727
-10.3072
-3.6705
-8.8310
-7.1954
-8.0178
-2.8867
-6.2662
-3.7852
-8.6663
-7.5559
-4.4832
-3.6364
-5.3390
-2.6982
-2.5829
-4.1406
-7.0630
-4.3979
-4.3625
-5.4872
-7.3531
-5.9999
-4.4114
-6.5085
-9.7840
-4.7382
-7.9778
-0.8930
-11.2064
-5.2207
-7.2932
-2.0069
-10.4273
-5.6434
-3.1797
-8.1262
-4.1659
-5.9621
-8.5498
-6.3445
-6.9003
-6.0057
-8.2124
-2.9127
-3.4818
-9.9236
-12.6850
-9.8240
-12.4471
-10.2508
-12.5491
-8.2716
-11.4008
-10.1133
-11.4315
-8.0109
-10.8532
-8.1145
-8.7871
-8.5325
-12.9410
-9.6263
-14.0149
-9.1789
-12.1015
-6.1384
-8.0219
-9.9621
-12.4718
-7.9061
-10.1110
-7.9759
-10.1904
-9.3546
-11.8913
-8.7542
-11.1950
-9.5786
-13.1037
-9.9913
-12.1498
-9.6823
-11.9497
-9.3818
-13.6280
-5.3230
-7.5568
-6.0746
-9.7234
-5.5843
-6.8562
-6.5091
-8.4999
-3.6333
-7.0237
-6.3011
-7.3652
4.1699
1.9373
-0.5699
-6.8051
-5.8353
-7.1113
-6.3578
-7.5553
-4.2171
-6.1080
-6.1949
-9.4745
-5.4736
-9.5541
-5.2079
-9.2720
-6.1401
-9.6648
-5.9935
-11.7464
0.6481
-6.3175
-5.6764
-9.3406
-3.6347
-9.5558
-3.7606
-11.3480
-8.8079
-10.4858
-5.1460
-10.0927
-7.8580
-13.1550
-10.1491
-13.4352
-11.2890
-13.6490
-9.6689
-11.7002
-9.2574
-12.8672
-7.8439
-13.4469
-11.2808
-13.1967
-4.5501
-8.8886
-10.2257
-11.8285
-8.2254
-7.7036
-9.1514
-12.5728
-3.1956
-9.6201
-5.9222
-8.0796
-10.0426
-12.0894
-7.9303
-9.1808
-7.6270
-9.8469
-2.0309
-3.4592
-10.8761
-11.5242
-5.8002
-9.9936
-8.1025
-10.6450
-5.8803
-11.5671
-9.5192
-8.3468
-9.5764
-11.9514
-7.3758
-9.9972
-7.4589
-8.4650
-3.0345
-8.4405
-9.6470
-10.4183
-7.2690
-11.7746
-5.5588
-9.1070
-5.2062
-7.3607
-2.4476
-7.4879
-4.0459
-5.8661
-3.1255
-5.6000
-3.2471
-7.5274
-5.1479
-7.9980
-8.7371
-11.5470
-5.9522
-10.1761
-7.8841
-9.4213
0.3509
-7.7855
-0.6812
-4.5908
-2.5730
-8.0049
-6.4444
-10.8085
-8.8436
-12.0013
-4.9052
-9.6871
-3.3140
-8.1852
-8.2468
-8.5288
-1.7278
-6.7662
-5.6571
-10.7834
-8.8209
-9.4991
-6.3272
-7.9829
-7.1648
-9.7398
-6.9771
-9.8438
-2.6340
-6.2809
-3.8094
-4.8046
-8.8202
-10.7862
-9.2165
-9.9194
-3.5386
-5.0035
-9.5695
-10.1175
-7.6848
-9.0995
-4.8613
-8.8564
0.3904
-7.7349
-8.0303
-10.0781
-9.0830
-11.0317
-8.2148
-8.6671
-7.7783
-6.8966
-8.4347
-7.8754
-9.5559
-10.9231
-9.0950
-10.2489
