-1.1538
-0.6559
-2.8715
-1.7087
-0.6401
-0.6561
-1.2153
-0.6644
-0.5362
-0.4823
-4.0794
-2.4289
-1.2213
-2.1765
-2.8511
-2.1760
-2.7975
-1.5861
-1.3738
-1.0540
-2.6287
-1.0049
-2.9034
-1.2747
-1.8197
-2.6203
-0.8480
-2.0066
-3.3931
-1.3524
-0.4321
-1.5289
-1.5118
-1.3027
-1.7532
-1.8830
-2.9062
-2.1429
-5.5708
-3.1837
-3.5280
-0.6922
-1.1531
-1.1882
-1.5185
-0.9703
-1.1532
-1.2149
-1.7984
-2.3370
-0.8072
-1.3896
-1.7378
-1.6427
-7.2499
-1.6862
-1.9717
-1.1207
-3.4392
-1.7819
-2.5989
-0.7046
-1.6712
-1.8467
-2.2544
-3.0954
-1.5874
-2.8252
-0.4790
-1.4094
-1.6799
-0.8700
-6.6159
-2.6045
-1.4162
-1.6101
-1.6584
-1.7752
-1.7548
-1.0883
-12.5609
-2.9966
-3.3539
-3.4202
-3.8173
-4.2117
-5.8173
-7.9587
-4.1093
-2.0856
-2.9400
-0.8122
-2.5159
-2.3310
-3.2621
-2.0142
-1.5816
-1.7355
-2.1069
-2.3426
-1.6394
-2.2430
-1.7539
-0.8387
-1.2210
-1.6031
-0.8246
-1.8196
-0.5261
-0.7103
-0.5174
-0.4135
-1.0771
-1.8020
-1.6084
-0.5650
-0.9579
-1.0586
-0.5589
-0.7611
-2.6457
-0.7609
-2.2444
-13.8926
-5.7081
-2.0517
-1.1781
-3.2388
-1.4590
-7.1183
-4.0127
-3.6950
-3.1410
-2.7355
-5.2971
-4.7347
-4.8399
-2.5546
-4.5904
-2.5926
-0.7805
-0.5077
-2.7883
-6.7337
-1.8799
-7.6737
-13.2576
-7.8935
-4.3328
-6.5116
-2.2996
-2.0232
-2.9946
-1.1771
-3.6456
-2.8536
-3.2730
-2.0738
-1.7481
-2.2188
-3.0798
-5.5562
-4.5877
-15.3015
-6.1449
-5.3601
-11.1003
-5.8663
-13.1960
-10.7315
-2.1129
-1.8153
-1.9076
-1.7321
-2.2195
-2.9623
-1.6874
-1.6519
-3.2514
-3.0514
-2.4841
-5.1033
-5.0352
-1.8611
-5.2601
-4.6930
-3.2720
-2.3046
-4.6660
-3.3603
-2.5635
-4.3611
-3.8020
-3.5802
-3.1868
-1.7783
-3.4253
-3.0488
-3.3482
-2.0794
-2.4194
-2.4783
-3.1274
-2.5628
-1.7081
-1.2935
-2.2269
-1.9489
-1.0043
-1.8166
-1.0017
-2.7866
-0.8893
-1.5369
-2.1605
-2.0061
-1.0694
-0.8761
-0.7579
-1.2498
-1.4984
-3.1486
-2.5173
-4.1208
-3.5936
-2.1918
-1.0935
-2.0079
-1.9258
-2.5038
-1.3555
-3.4812
-0.6247
-1.8481
-1.7252
-0.4205
-1.0970
-1.1929
-1.4183
-3.0312
-1.8252
-0.6450
-0.9325
-1.7865
-1.7825
-2.7901
-1.6462
-5.0663
-1.1162
-0.5505
-1.3521
-0.6892
-0.5872
-0.7862
-0.9722
-1.9824
-0.9365
-2.5354
-1.1010
-0.5850
-1.5106
-2.4294
-1.4656
-3.1387
-1.6095
-1.9313
-2.3873
-1.8958
-4.2004
-4.4064
-2.8216
-4.8841
-3.5009
-4.0552
-2.4453
-1.9451
-4.4147
-1.4690
-2.3321
-1.4913
