-10.5432
-7.4915
-15.6284
-13.9163
-7.9645
-7.7236
-10.3356
-6.4385
-5.4656
-5.8373
-19.0959
-17.1157
-14.4950
-16.0266
-21.2386
-19.3028
-20.3559
-17.8219
-14.8050
-12.5450
-20.9314
-11.7171
-25.1854
-13.9176
-16.2452
-19.7797
-9.6977
-16.9551
-16.7445
-13.4849
-4.0704
-7.5344
-7.6926
-6.6678
-9.5690
-9.0555
-13.7850
-12.1829
-19.1835
-17.2393
-23.1963
-9.8126
-14.6818
-13.8670
-15.1411
-10.5052
-13.6957
-14.1322
-19.0531
-21.2822
-11.8595
-17.4456
-23.6880
-21.0369
-39.4820
-20.3532
-22.2484
-16.0901
-29.8333
-23.6627
-27.2980
-10.4429
-24.9659
-23.6234
-29.2266
-33.9962
-27.3990
-33.6851
-6.4436
-20.5606
-16.3005
-10.0176
-23.4044
-17.6393
-13.4978
-14.7082
-14.6803
-16.8434
-15.3455
-11.6328
-29.1305
-24.2855
-29.5299
-23.6673
-27.8950
-35.0730
-35.5439
-34.7821
-27.6252
-20.3059
-15.3879
-8.9683
-23.9773
-20.1608
-25.3354
-21.4491
-18.1951
-14.0404
-19.5698
-20.2716
-17.9396
-25.3909
-21.1136
-12.7177
-17.0388
-22.5059
-13.7221
-20.3976
-8.2384
-9.5201
-7.0914
-5.7306
-11.2641
-14.8485
-14.0491
-7.9280
-10.0994
-11.3434
-7.9999
-9.5398
-15.5046
-8.6126
-14.6885
-23.1289
-18.4275
-16.2160
-8.9508
-19.4923
-14.2972
-15.2614
-32.3040
-31.2456
-24.9057
-25.4916
-33.5647
-32.6047
-28.3485
-26.1493
-31.6682
-24.7905
-8.1933
-4.3088
-9.9440
-18.5769
-11.1501
-24.0747
-30.2859
-18.6134
-20.7734
-21.7429
-21.5733
-17.0299
-24.0263
-13.0294
-28.5803
-26.5496
-22.6520
-19.9291
-16.5594
-16.4832
-21.8841
-23.1847
-24.9174
-30.9140
-28.0825
-19.3189
-22.5338
-22.6415
-24.5215
-28.5234
-20.9475
-19.3238
-20.6076
-21.5540
-22.3276
-26.6073
-21.0451
-18.5453
-26.5768
-25.0618
-22.5297
-35.6639
-33.8271
-19.8000
-36.5969
-33.8969
-24.9424
-19.9223
-34.6131
-29.3780
-23.8442
-32.1339
-26.6816
-28.4955
-30.9723
-20.9033
-30.9288
-25.6430
-28.1081
-24.1795
-24.2371
-20.6965
-21.6747
-21.8515
-19.6745
-15.6150
-19.4631
-17.8525
-14.1099
-16.2389
-10.3451
-16.3651
-10.3131
-13.3767
-18.3102
-18.0527
-15.4599
-13.1643
-10.8127
-16.5443
-16.2832
-21.5243
-22.8516
-30.5975
-30.0890
-21.9255
-9.6547
-15.9323
-15.1773
-15.5238
-15.8958
-20.1417
-8.7219
-16.8693
-14.2686
-7.3791
-13.4873
-15.9692
-16.2044
-15.9990
-18.1896
-9.2728
-12.3814
-18.2800
-18.4157
-21.0107
-17.7064
-20.5935
-12.9904
-7.3661
-11.4632
-8.3887
-6.9592
-10.6840
-11.4945
-15.2970
-9.7916
-17.7240
-10.7095
-7.8365
-18.4040
-19.6190
-16.9275
-19.2435
-11.9082
-20.9986
-24.8796
-20.8501
-25.7089
-28.5505
-20.8468
-29.4822
-25.0228
-28.4085
-16.3742
-15.9744
-21.6215
-15.1850
-20.1328
-15.9309
