-5.2831
-3.8900
-13.1768
-8.6245
-1.1015
-3.6698
-6.7813
-4.1449
-0.7015
2.2434
-1.1972
18.7844
26.4317
4.9626
28.2206
39.4819
13.2084
44.4508
24.8831
40.7447
-12.3617
-3.0223
-17.7908
-6.4219
-9.2156
-8.6029
-2.5875
-8.6626
-17.1998
-6.4871
-204.6768
-241.6876
-249.8403
-248.3708
-272.7821
-274.4152
-276.8041
-286.7650
-332.2489
-291.2824
-4.5270
9.3370
11.3832
7.0122
5.0123
3.8999
6.1499
6.8609
8.5064
6.2976
-0.4555
-6.7046
-2.8195
-6.0585
-36.3764
-5.8936
-5.0304
-4.6274
-12.7229
-5.8221
-7.2147
-0.7756
-5.0914
-4.5878
-6.9111
-8.5316
-1.3539
-6.4362
-0.4428
-3.6841
-12.2644
-2.5950
-24.8180
-6.3811
-7.0425
-9.2562
-2.5134
-5.9773
-8.6947
-7.0114
-40.7236
-19.4701
-26.3536
-26.7286
-26.5782
-32.5899
-36.1292
-35.9280
-29.0021
-18.1201
-20.7898
-8.9298
-27.0072
-27.1760
-28.0862
-39.8162
-18.9930
-17.9383
-44.7360
-24.3028
13.3701
18.1438
14.2403
13.6802
17.1550
27.0082
16.9571
14.7666
13.4698
11.4138
282.3256
267.7989
284.7104
311.5220
297.0934
316.2788
306.8844
292.9038
294.9998
289.0806
-7.7938
-1.6363
-12.7196
-34.3852
-18.4608
-4.1926
-2.0921
-6.4685
-3.5203
-29.1291
-15.9478
-16.0233
-12.1765
-10.4110
-19.3380
-17.8563
-18.0656
-10.3375
-18.0199
-10.4930
-6.2069
-5.5485
-27.3893
-24.7649
-16.4654
-49.8753
-66.5285
-39.9755
-31.7579
-36.5267
-14.3856
-10.3826
-39.7255
-31.0317
-19.8524
-22.0212
-29.3839
-14.0094
-13.9418
-3.4948
-301.4948
-322.8465
-328.0136
-386.3586
-379.3753
-333.9949
-352.5342
-325.1724
-360.1171
-366.1465
-5.8917
-5.2469
-3.9131
-4.0456
-5.4338
-10.8650
-2.6719
-4.3604
-12.0395
-9.7869
-8.6237
-19.7329
-18.7890
-6.6661
-18.8824
-16.9640
-11.6856
-7.9490
-16.8101
-13.4002
-13.6235
-17.8011
-11.1961
-13.2285
-13.3337
-11.2114
-15.9371
-8.5659
-12.2578
-4.8442
-2.2941
6.8179
1.8014
4.3838
2.0586
3.7353
9.0841
6.1452
5.9191
9.7740
-2.6445
-0.7464
14.7042
6.5526
-6.8535
11.8983
13.2914
20.9582
30.4044
34.4619
-6.7034
-12.4008
-12.8213
-11.6556
-16.4118
5.0982
6.6455
4.7046
6.5465
-7.9971
7.8510
-7.7203
3.3588
5.3584
0.7451
9.3541
5.1647
6.6129
6.9474
-5.1847
32.8260
45.1401
14.0468
35.4822
6.0627
-7.8704
7.3914
-23.8499
40.0250
39.1688
283.2202
284.2787
265.0403
296.2194
296.3906
309.4883
289.7970
311.9824
289.2988
286.6865
-1.9255
-6.5856
-6.5769
-10.8691
-7.6170
-5.8389
-8.9395
-8.2623
-20.3852
-20.4034
-7.0222
-15.4306
-9.5501
-14.0979
-6.2488
-5.0433
-8.6492
-3.1749
-3.7195
-4.5926
