4.5659
-1.0295
21.4833
8.5545
2.6695
-0.6692
3.0294
-1.5909
2.5955
5.9016
29.4966
38.3582
38.9213
26.3436
60.3376
69.3354
41.4735
66.2850
36.2705
49.7878
11.0064
2.6096
16.1322
1.9779
5.2976
16.2016
4.2991
10.7226
8.4583
1.6335
-202.5757
-232.4213
-240.3785
-242.3998
-263.5878
-265.3988
-257.0063
-278.9170
-301.2325
-269.7005
30.0580
15.4388
21.5859
18.8019
19.3209
10.9950
17.1110
19.1047
25.8784
42.0270
2.7590
3.6976
9.0906
7.0319
44.9341
7.7955
9.8560
1.1095
20.9094
8.4052
14.6268
1.9039
9.3793
9.7521
13.9960
21.8098
15.1348
20.2521
0.1146
7.5829
7.1390
6.3690
30.0982
17.0178
4.9048
9.3932
25.3463
14.6883
11.1357
2.9930
19.2661
5.1557
7.4425
0.2084
5.4414
14.1472
21.4156
21.9489
6.3698
-2.5369
-0.3142
-6.4676
-4.4740
-5.8984
-2.1771
-18.0434
-7.2206
-7.2108
-29.5658
-7.5509
24.4155
37.2712
29.6294
18.3845
26.9296
41.7641
21.6710
29.3259
14.8800
15.8491
285.3770
269.5932
295.3175
326.9033
312.4239
318.9021
312.4193
302.9420
298.8703
295.3466
15.0548
5.7385
3.6600
40.8510
18.9868
13.1069
3.0255
17.4108
8.7481
4.6819
18.4456
18.9056
10.9923
10.4039
27.9939
22.9526
21.7449
10.1593
20.0955
10.6524
-0.1681
-4.1958
-14.7223
13.6946
-6.3559
-1.0421
25.0954
3.0871
2.2341
5.1086
8.8057
0.7381
-14.3784
-23.5279
11.2837
8.1301
-5.6363
1.2549
-3.1802
8.9075
-279.4231
-285.8610
-291.3201
-305.6068
-327.7675
-306.0064
-305.0325
-293.5904
-300.8999
-306.0776
12.8261
9.8616
12.9515
9.4097
14.3808
18.8894
9.2663
11.0897
20.8049
19.5099
8.1345
27.2927
24.3354
4.5325
24.1791
20.5817
11.7424
6.6058
23.1866
13.6639
4.2878
22.0423
26.1791
20.5025
14.2708
-0.1114
16.9197
19.1093
13.0919
12.9987
20.1458
27.3904
29.0535
30.3681
18.5185
13.8264
30.9270
23.3518
13.0003
24.1402
2.9573
23.9867
20.4541
17.1422
10.7033
30.0640
26.9895
28.0821
36.7476
50.1888
2.3699
19.1797
11.7133
27.1515
19.2919
25.5341
12.0616
17.8223
20.1299
7.5713
17.7733
21.4381
6.4580
20.5965
11.7175
11.1111
12.9428
16.1044
18.6912
14.9653
51.0745
50.2769
20.9268
55.0250
28.2378
20.2034
25.0885
13.0188
51.0619
42.1663
294.3378
289.5014
268.7325
304.1379
303.7419
326.1018
295.8468
333.9819
296.5994
290.1535
11.9971
19.4610
8.4709
12.5052
0.8557
14.3320
16.3699
10.4767
20.5707
20.7009
9.6436
23.0832
14.9965
17.6246
9.0394
5.9704
20.7156
4.0558
14.1226
3.2213
