9.8491
2.8605
34.6601
17.1791
3.7710
3.0005
9.8107
2.5540
3.2971
3.6582
30.6939
19.5738
12.4895
21.3810
32.1170
29.8535
28.2651
21.8341
11.3874
9.0431
23.3682
5.6319
33.9230
8.3998
14.5132
24.8045
6.8866
19.3852
25.6581
8.1206
2.1011
9.2663
9.4618
5.9710
9.1942
9.0165
19.7978
7.8480
31.0164
21.5819
34.5850
6.1018
10.2026
11.7896
14.3086
7.0951
10.9612
12.2438
17.3720
35.7295
3.2145
10.4023
11.9101
13.0904
81.3105
13.6891
14.8864
5.7370
33.6323
14.2273
21.8415
2.6795
14.4707
14.3399
20.9071
30.3414
16.4887
26.6883
0.5573
11.2670
19.4034
8.9640
54.9162
23.3989
11.9473
18.6495
27.8597
20.6655
19.8305
10.0044
59.9897
24.6257
33.7961
26.9370
32.0196
46.7370
57.5448
57.8770
35.3719
15.5833
20.4757
2.4622
22.5332
21.2777
25.9090
21.7728
11.7725
10.7275
15.1703
16.7519
11.0453
19.1274
15.3890
4.7043
9.7746
14.7559
4.7139
14.5593
1.4102
4.4353
3.0514
1.7943
10.6071
15.3813
15.3306
2.6233
5.5349
10.0382
3.8705
6.2660
22.8486
7.3748
16.3796
75.2362
37.4475
17.2995
5.1177
23.8793
12.2683
33.8109
34.3933
34.9289
23.1688
20.8149
47.3319
40.8089
39.8105
20.4968
38.1154
21.1454
6.0387
1.3526
12.6670
38.4595
10.1095
48.8332
91.6239
43.0625
33.9920
41.6353
23.1913
11.1207
25.3472
7.5038
31.1360
30.1513
23.7476
15.2643
10.7616
12.4023
22.0717
36.9855
36.6934
80.7518
51.6077
27.9884
47.5018
31.5820
59.2172
60.0689
18.7177
15.1085
16.8646
13.4553
19.8146
29.7543
11.9382
15.4500
32.8443
29.2968
16.7581
47.0255
43.1244
11.1985
43.0615
37.5456
23.4279
14.5548
39.9966
27.0641
17.9113
39.8434
37.3752
33.7310
27.6045
11.1000
32.8568
27.6751
25.3496
17.8429
22.4399
20.5725
27.2522
25.9843
16.4599
10.0911
21.8429
17.2067
7.0812
14.3662
5.6018
24.7331
5.7499
10.5895
17.5568
18.1657
13.6980
7.1239
6.3432
15.7268
9.0733
31.5804
24.5346
38.8071
35.7037
20.4358
5.4161
13.1176
13.5834
15.5685
9.9223
29.1583
3.0992
15.2381
10.9724
1.7570
7.7781
9.4915
11.7438
20.1500
18.2485
5.1368
6.8800
19.5428
22.1751
28.0738
17.6971
36.8687
11.0369
2.9975
11.1176
5.2226
3.6921
7.9185
7.3513
16.6134
6.0498
21.9994
7.3006
3.4670
13.9226
26.0466
15.0478
23.3743
8.4727
20.1709
25.3094
18.7390
40.9559
41.1042
16.6658
38.5138
24.5467
31.7224
15.2882
11.0137
29.3648
7.2308
17.8421
7.8138
