-1.7187
-0.6693
-1.9828
-1.0767
-0.6048
-0.6751
-1.4234
-0.5430
-1.4388
-1.6996
-8.7517
-9.1197
-8.4280
-8.4458
-10.2348
-11.1167
-10.1050
-10.0750
-7.7347
-8.3578
-2.2188
-1.3473
-2.7839
-1.5564
-2.1006
-1.7542
-1.4079
-2.1230
-4.4436
-1.3306
-5.3834
-10.2610
-10.8602
-9.6523
-12.8038
-13.5138
-16.3077
-13.2401
-25.4322
-18.2018
-4.1929
-1.8781
-2.3445
-2.6513
-2.3309
-1.5134
-1.5014
-2.4174
-2.9176
-4.4089
-0.4690
-0.7790
-0.9944
-0.9767
-3.9084
-0.9612
-1.0741
-0.7824
-1.6141
-1.1097
-1.1905
-0.3444
-0.9821
-0.9736
-1.2186
-1.7747
-0.9694
-1.5282
-0.1626
-0.8002
-2.9264
-1.8525
-6.2398
-3.1622
-2.2833
-2.9461
-3.5746
-2.7399
-3.0165
-1.8568
-17.7856
-8.2515
-7.8296
-8.6316
-8.9499
-8.4729
-12.0794
-14.4784
-9.1305
-5.9878
-5.2219
-3.0359
-6.5364
-5.3155
-6.1108
-6.9205
-5.9188
-3.8025
-6.0904
-5.1257
-5.7790
-9.7202
-5.8474
-2.6736
-4.4252
-13.4310
-3.9768
-6.3938
-2.6598
-2.7695
-8.2374
-6.0110
-10.5470
-12.5392
-11.2145
-10.6454
-9.5821
-10.0748
-9.4356
-9.4080
-2.1566
-0.7892
-2.4437
-9.1403
-5.4889
-2.5363
-1.1899
-3.0719
-1.7875
-6.1895
-2.0037
-2.0720
-1.6443
-1.5268
-2.5346
-2.4072
-2.1829
-1.5352
-2.2143
-1.3471
-1.1898
-0.7745
-3.7852
-5.8488
-2.9313
-8.7263
-14.1037
-7.1123
-5.4430
-6.7418
-6.0703
-5.0464
-9.1461
-5.5922
-8.3141
-8.0636
-8.8895
-6.1098
-5.8858
-7.1340
-15.9336
-21.5932
-19.4356
-32.9596
-25.9174
-19.5540
-26.0637
-20.3983
-31.1236
-27.6471
-1.2772
-1.0796
-1.3086
-1.2817
-1.3326
-1.7623
-1.2161
-1.0989
-1.9285
-1.7536
-1.3792
-2.5347
-2.3405
-1.0539
-2.7692
-2.6286
-1.6921
-1.3085
-2.2851
-1.7651
-9.0871
-10.1842
-10.3812
-10.2421
-7.6794
-6.1848
-7.3643
-8.3314
-7.7556
-7.3802
-5.8147
-5.4499
-5.2452
-3.8435
-3.8998
-4.1620
-4.2457
-3.4719
-4.9119
-4.2047
-5.4753
-8.7518
-5.5599
-5.4198
-8.9317
-9.0087
-8.3911
-5.8473
-6.3197
-9.2980
-1.2854
-2.5863
-3.2180
-3.3525
-4.2908
-2.7992
-1.2756
-2.1000
-2.1221
-3.0389
-9.4885
-12.0480
-3.8572
-8.1544
-6.7887
-5.1586
-8.4140
-8.1299
-10.2239
-9.8622
-6.8708
-5.2023
-5.2375
-7.2723
-8.5690
-8.0981
-7.7967
-9.6092
-6.6130
-4.6154
-8.8992
-9.4581
-6.9650
-11.2832
-9.0889
-10.8624
-8.5207
-11.4985
-7.7351
-7.1882
-2.0187
-1.2598
-1.1547
-2.2864
-1.7388
-1.5622
-1.8457
-1.4705
-2.2963
-2.7411
-1.8324
-2.8135
-2.3327
-2.4179
-1.2182
-1.0962
-2.0651
-0.9477
-1.5152
-1.2655
