-7.4829
-8.9209
1.7999
-7.3287
-5.7264
-8.7059
-9.0482
-8.3151
-3.5465
-0.9663
-2.7440
8.7217
15.2102
0.9938
24.1239
34.9096
8.9890
33.5295
12.3887
25.4872
-12.7492
-9.6718
-12.3285
-12.5221
-12.5495
-6.4289
-5.5157
-8.3581
-13.9345
-12.0739
-111.0445
-138.9964
-145.9704
-144.8876
-164.3049
-169.5094
-165.8119
-179.9367
-220.4679
-182.3900
-1.5553
2.7032
2.2302
1.1572
-0.6930
-1.9865
-0.3449
0.6435
0.7006
12.9170
-9.9765
-15.2759
-16.8601
-15.9459
-5.1131
-14.3646
-15.0319
-16.2706
-13.3947
-17.4846
-16.0492
-9.1501
-17.8493
-16.2580
-18.4121
-16.7016
-14.4373
-17.4975
-6.6302
-14.8336
-10.4713
-3.3807
-3.0896
-3.9524
-9.7721
-6.8101
8.3606
-3.7164
-5.4998
-8.6774
-33.8445
-24.7818
-27.7691
-29.4792
-30.2039
-28.5970
-25.9264
-29.9129
-28.5725
-25.3147
-17.3519
-12.9572
-28.8703
-25.3143
-29.0224
-37.9557
-24.9161
-20.1447
-46.1209
-27.7347
0.4974
3.4278
1.8056
0.6426
4.1075
8.3247
2.7920
2.0144
2.9591
1.1080
154.4858
144.3643
157.0593
176.6942
166.3492
178.8842
171.9158
162.2538
163.2075
158.5066
-6.1253
-5.0172
-14.3289
-4.6758
-10.2625
-8.0548
-8.5946
-8.9078
-8.8626
-22.8995
-18.8186
-17.3089
-17.8671
-18.4228
-12.6208
-15.7263
-12.9226
-18.9085
-17.5182
-17.3621
-8.5141
-8.6209
-27.5378
-17.0811
-19.5450
-36.7560
-28.3475
-27.0265
-23.6543
-25.4717
-17.0570
-18.2258
-41.0640
-33.9408
-24.1522
-23.3279
-33.4777
-22.0575
-21.6682
-11.4435
-190.8528
-205.9508
-206.4430
-247.0680
-246.1039
-216.6992
-231.6702
-212.9617
-239.1035
-237.0703
-10.9476
-11.8915
-10.3820
-14.5486
-11.0747
-11.7850
-13.9953
-9.4067
-10.5923
-9.6071
-17.5126
-15.1466
-16.1024
-17.5158
-19.6849
-19.8474
-17.1421
-16.0308
-17.4074
-20.0810
-26.0803
-20.3827
-10.5860
-17.5578
-24.7041
-25.1427
-21.4997
-14.5128
-22.5075
-18.1005
-6.8935
1.6805
2.0120
2.8273
-4.2809
-3.3384
5.7319
1.2213
-2.5138
3.1504
-10.3999
-3.0407
2.2880
-2.9527
-12.6134
2.3815
5.1197
8.1284
16.9216
21.5483
-15.8222
-7.3337
-16.3462
-10.4922
-18.0467
-1.4711
-0.7311
-2.6537
0.6856
-12.9456
-3.6848
-9.5591
-4.4542
-2.8524
-7.3614
1.2803
-5.5722
-4.8350
-3.9686
-9.7830
21.2520
29.1707
4.0396
25.0510
2.4903
-7.9958
0.7320
-19.1511
27.1554
24.8213
154.3431
156.4482
142.9414
165.7819
162.3244
175.4291
157.9289
178.6027
157.6681
156.5657
-8.7456
-4.3617
-10.6726
-11.9309
-13.9644
-10.2559
-12.0390
-13.3438
-10.5136
-13.9671
-15.7581
-14.0619
-15.6293
-16.9670
-11.2613
-13.1602
-8.0479
-13.5799
-10.2037
-15.2038
