-0.5874
-0.5579
-0.6884
-0.6806
-0.5026
-0.4865
-0.6275
-0.5996
-0.6653
-0.6323
-1.1211
-1.0409
-0.7724
-0.7298
-0.9508
-0.9112
-0.4660
-0.4560
-0.4339
-0.4249
-0.2290
-0.2237
-0.2601
-0.2558
-0.2274
-0.2198
-0.3538
-0.3537
-0.2572
-0.2504
-0.2744
-0.2683
-0.2790
-0.2754
-0.2160
-0.2147
-0.1984
-0.1949
-0.2026
-0.1967
-0.4715
-0.4433
-0.4211
-0.4032
-0.4556
-0.4216
-0.2864
-0.2725
-0.3561
-0.3313
-0.6382
-0.5871
-0.8846
-0.8178
-0.4003
-0.3759
-0.5753
-0.5557
-0.4507
-0.4329
-1.1123
-1.1095
-0.6987
-0.7086
-0.9602
-0.9912
-1.0701
-1.0921
-1.0380
-1.0661
-0.5993
-0.6093
-0.7692
-0.7892
-1.7260
-1.7168
-0.8270
-0.8336
-0.9333
-0.9414
-2.3636
-2.1912
-0.8061
-0.7671
-3.3770
-3.1654
-2.4948
-2.3304
-0.9404
-0.8948
-3.2474
-3.0573
-1.3113
-1.2520
-0.9166
-0.8644
-1.9285
-1.7953
-1.4221
-1.3494
-1.0585
-0.9853
-2.7874
-2.6493
-3.6723
-3.4762
-1.6486
-1.5235
-1.7477
-1.6258
-2.5472
-2.3773
-2.1621
-2.0541
-3.6174
-3.4559
-1.8373
-1.7146
-2.0890
-1.9619
-4.0553
-4.0286
-1.5411
-1.5496
-3.6329
-3.5982
-1.3553
-1.3834
-3.1098
-3.0762
-6.4170
-6.3307
-2.2132
-2.1343
-2.2187
-2.2416
-2.9296
-2.9043
-1.0532
-1.0672
-1.5879
-1.5111
-1.0699
-1.0164
-1.6165
-1.5408
-1.4695
-1.3986
-1.6566
-1.5750
-1.8124
-1.6863
-1.5308
-1.4157
-1.9266
-1.7996
-1.0706
-0.9931
-1.5000
-1.4084
