-6.4043
-6.2640
-8.3968
-8.2751
-5.3553
-5.2708
-6.7035
-6.5565
-6.6477
-6.5155
-9.1187
-8.8896
-8.2649
-8.0745
-9.0772
-8.9365
-5.0840
-4.9719
-4.7953
-4.7163
-1.7928
-1.7813
-2.1022
-2.0786
-2.0341
-2.0137
-3.5178
-3.4907
-2.3763
-2.3531
-2.4088
-2.3868
-2.2568
-2.2310
-2.0989
-2.0712
-1.8773
-1.8665
-2.1825
-2.1678
-5.0640
-4.9076
-4.4581
-4.3519
-4.8883
-4.7522
-2.8804
-2.7991
-3.6992
-3.5852
-5.4241
-5.2683
-7.0509
-6.8733
-4.3608
-4.2403
-6.0809
-5.9790
-4.7416
-4.6234
-11.6398
-11.6992
-10.6074
-10.6059
-14.0000
-14.1559
-13.5569
-13.6081
-13.6869
-13.8400
-8.7040
-8.7066
-11.6544
-11.6705
-22.2645
-22.1863
-11.7244
-11.6865
-13.1655
-13.0642
-14.0717
-13.7251
-8.1691
-8.0303
-17.6209
-17.2446
-17.8222
-17.4924
-11.0125
-10.8186
-17.4696
-17.1144
-13.5227
-13.2960
-9.9916
-9.8236
-14.2852
-14.0097
-14.3348
-14.1393
-9.6909
-9.4739
-15.6074
-15.3740
-17.7022
-17.3740
-11.3264
-11.1068
-11.5573
-11.3371
-16.3999
-16.0530
-19.0418
-18.8661
-23.1163
-22.8242
-13.3236
-13.0747
-13.5342
-13.2898
-23.8353
-24.0591
-16.6692
-16.7456
-18.2055
-18.3398
-14.0626
-14.1466
-19.9276
-20.0164
-24.0524
-24.2392
-16.1302
-16.0486
-16.7252
-16.8519
-17.9354
-18.0224
-11.7924
-11.8893
-16.6724
-16.5482
-12.0372
-11.8083
-17.4972
-17.3084
-12.1501
-11.9675
-16.9871
-16.7735
-11.0962
-10.8553
-12.8520
-12.5874
-14.7281
-14.5255
-6.7573
-6.6067
-12.4525
-12.2140
