1.0205
1.9988
-3.4544
-3.8848
-2.8722
-3.4517
-1.6465
-1.6960
-3.0374
-3.2530
-2.8956
-2.6646
-3.6546
-3.9998
-2.2764
-1.9585
-2.5291
-2.9648
-3.7056
-4.7629
-3.3740
-4.5796
-5.2447
-6.9771
-7.1188
-9.6073
-4.3646
-5.9112
-3.7144
-5.1340
-4.2261
-5.6697
-5.4494
-7.2847
-3.9697
-5.2669
-4.9238
-6.7029
-7.0295
-9.5312
4.0820
6.2265
1.9287
2.9037
3.9002
5.8016
0.7325
1.4486
3.3531
5.0611
1.5264
2.9865
-1.0467
-0.2850
0.7909
1.5414
-3.3307
-3.9760
-2.0428
-2.3220
-13.0617
-17.2525
-1.5579
-1.9156
-0.7234
-0.0112
-8.0212
-9.4160
-3.8858
-4.2423
-4.3624
-5.6438
-1.8806
-2.1362
-10.0397
-11.2363
-1.9771
-2.5207
-3.6071
-4.2563
-5.7041
-6.2749
-6.5767
-8.5102
-6.7587
-7.1144
-8.8696
-10.1196
-6.8363
-8.7013
-8.2074
-8.9390
-6.7283
-8.1595
-5.1509
-6.5976
-5.4214
-6.0697
-9.4191
-11.6743
-4.7407
-5.6972
-10.4982
-12.5869
-11.0883
-13.1830
-8.9379
-11.2959
-8.1046
-10.0692
-10.4682
-12.3387
-8.8336
-10.1774
-16.7999
-19.9778
-10.7338
-13.2005
-7.9739
-9.5583
-17.9396
-17.6448
-7.1699
-6.8271
-20.6244
-22.6359
-3.6996
-2.4591
-16.0211
-16.7769
-29.8646
-31.3777
-9.0363
-9.4110
-12.0479
-12.4961
-19.5364
-22.1940
-7.1784
-7.5090
-10.9539
-13.8691
-7.1019
-9.0860
-11.5414
-14.3576
-11.7667
-14.9333
-12.0763
-14.9848
-6.9572
-8.5841
-8.7337
-10.7715
-6.0344
-7.2346
-2.9002
-3.3735
-8.4127
-10.4448
