3.1006
4.0505
-1.1356
-1.5794
-1.8546
-2.4374
0.3804
0.3094
-0.3031
-0.5418
3.1649
3.3198
-0.6822
-1.0754
2.6327
2.9021
-1.6602
-2.1061
-2.9586
-4.0171
-3.3437
-4.5488
-5.1868
-6.9187
-7.0606
-9.5481
-4.1317
-5.6773
-3.6358
-5.0539
-4.0844
-5.5276
-5.3730
-7.2082
-3.8960
-5.1929
-4.8725
-6.6512
-6.9023
-9.4009
5.3871
7.5196
3.0032
3.9693
5.4802
7.3641
1.1160
1.8285
4.3862
6.0819
4.5689
5.9902
4.1351
4.8230
1.9953
2.7371
-0.9139
-1.5663
-1.0353
-1.3267
-2.7647
-6.9114
2.8693
2.5286
9.4633
10.2603
-1.3086
-2.6763
5.7067
5.4437
-2.0796
-3.3428
2.6704
2.4330
4.7357
3.5033
1.8378
1.3018
1.7501
1.1009
7.2733
6.5406
-3.6202
-5.5770
13.4623
12.8765
8.1799
6.7897
-2.3848
-4.2840
12.5159
11.5843
0.9010
-0.5745
-0.9618
-2.4495
5.8672
5.1137
-1.1287
-3.4207
0.7138
-0.2892
4.8945
2.6391
9.9185
7.5544
-1.1380
-3.6058
0.3820
-1.6918
3.8951
1.7805
9.3038
7.9132
7.6140
4.1215
-0.7359
-3.3481
3.2157
1.4823
20.0156
20.4010
5.4116
5.8140
7.4823
5.4680
7.9591
9.2259
7.8132
7.1072
29.6817
28.3833
8.8046
8.3346
4.9147
4.4861
2.6266
-0.0771
-0.3591
-0.6670
1.2397
-1.7604
-1.8290
-3.8648
0.4107
-2.4939
-4.0527
-7.2947
-0.6799
-3.6746
2.1324
0.3967
-0.4010
-2.5250
5.7891
4.5071
1.7623
1.2445
0.8241
-1.2854
