2.0800
2.0517
2.3188
2.3054
1.0176
1.0143
2.0269
2.0054
2.7343
2.7112
6.0605
5.9845
2.9725
2.9243
4.9091
4.8606
0.8690
0.8587
0.7470
0.7458
0.0303
0.0308
0.0579
0.0584
0.0582
0.0592
0.2329
0.2339
0.0787
0.0801
0.1418
0.1421
0.0765
0.0765
0.0737
0.0740
0.0514
0.0517
0.1272
0.1302
1.3051
1.2931
1.0745
1.0656
1.5799
1.5625
0.3835
0.3799
1.0331
1.0208
3.0426
3.0037
5.1819
5.1080
1.2044
1.1957
2.4168
2.4097
1.0076
0.9953
10.2970
10.3411
4.4272
4.4442
10.1867
10.2715
6.7126
6.7397
9.5925
9.6860
2.2828
2.3010
4.5509
4.5692
14.7754
14.7396
3.8149
3.8225
5.3572
5.3572
12.9773
12.8155
2.9565
2.9333
20.2210
19.9909
17.0495
16.9094
4.4514
4.4172
20.7234
20.5233
7.6293
7.5850
4.1891
4.1481
11.2886
11.1834
8.2904
8.2536
5.4545
5.4080
15.3927
15.2260
21.0068
20.7374
7.7999
7.6901
8.4865
8.3774
14.3633
14.1192
18.1374
18.0906
24.4139
24.0993
9.9980
9.8524
11.1896
11.0406
37.9552
38.0458
12.5814
12.6411
28.1067
28.1040
11.6588
11.6850
23.8343
23.8841
59.5463
59.7610
17.8409
17.7457
16.9626
16.9822
22.1630
22.1169
6.8192
6.8419
12.1936
12.1087
5.2729
5.2212
11.9521
11.8637
7.7140
7.6386
11.3964
11.3102
9.0895
8.9808
8.3328
8.2465
11.8235
11.7418
4.6625
4.6179
9.2368
9.1594
