-0.2883
-0.0946
-0.1861
-0.1262
-0.1191
-0.0732
-0.2985
-0.1101
-0.2190
-0.0961
-0.8680
-0.1942
-0.4427
-0.1481
-0.4107
-0.1648
-0.1341
-0.0668
-0.0855
-0.0597
-0.0064
-0.0050
-0.0120
-0.0095
-0.0121
-0.0096
-0.0349
-0.0296
-0.0160
-0.0132
-0.0179
-0.0149
-0.0128
-0.0105
-0.0125
-0.0099
-0.0095
-0.0077
-0.0160
-0.0133
-0.2495
-0.0799
-0.1773
-0.0616
-0.3447
-0.0794
-0.0511
-0.0291
-0.2004
-0.0546
-0.3858
-0.0982
-0.4370
-0.1312
-0.2802
-0.0699
-0.1607
-0.0858
-0.1201
-0.0605
-1.1894
-0.3057
-0.5217
-0.1588
-1.3795
-0.3424
-0.5931
-0.2343
-1.3050
-0.3256
-0.2335
-0.1310
-0.4812
-0.1864
-0.9680
-0.5093
-0.3492
-0.1817
-0.4706
-0.2352
-1.6985
-0.3940
-0.3703
-0.1289
-2.0703
-0.6055
-1.5258
-0.4617
-0.6934
-0.2003
-1.8684
-0.5236
-0.8580
-0.2758
-0.5636
-0.1785
-1.2335
-0.3487
-0.7699
-0.2909
-0.7481
-0.1773
-1.1284
-0.4605
-1.6764
-0.6272
-0.9296
-0.2688
-0.9159
-0.2820
-1.9302
-0.4952
-1.0775
-0.5089
-1.8234
-0.8048
-1.0440
-0.3099
-1.0157
-0.3466
-2.6240
-1.1661
-0.8229
-0.3797
-1.8910
-0.8035
-0.9193
-0.2689
-1.4951
-0.6008
-3.4168
-2.0685
-0.9946
-0.4831
-1.2967
-0.4830
-1.8392
-0.6836
-0.5033
-0.1916
-0.8546
-0.3596
-0.8924
-0.2286
-0.8438
-0.3736
-0.6748
-0.2503
-0.9809
-0.4022
-0.9809
-0.2538
-1.0271
-0.2812
-1.0022
-0.3655
-0.4447
-0.1286
-0.9195
-0.2619
