-4.7211
-4.1764
-7.5639
-6.2223
-5.2935
-4.1315
-5.5358
-4.6818
-5.5827
-3.3109
-4.6892
-6.2025
-6.5206
-6.5997
-6.9239
-4.7072
-4.8144
-4.6637
-4.9424
-4.0627
-2.0486
-1.8243
-2.4101
-2.1929
-2.3338
-2.1242
-3.8131
-3.5699
-2.6511
-2.4182
-2.6654
-2.4229
-2.5707
-2.3486
-2.3420
-2.1127
-2.1124
-1.8933
-2.4041
-2.1867
-3.7407
-5.0674
-3.5788
-3.7634
-2.7981
-4.6185
-2.8931
-2.7353
-2.4928
-3.7375
-3.2639
-4.5601
-4.0387
-3.7202
-2.8982
-4.0809
-5.4252
-2.9459
-4.5482
-3.5961
-7.2171
-5.4926
-5.9257
-7.6438
-4.0037
-7.7799
-9.5550
-12.2982
-5.7808
-7.9842
-6.5226
-8.3502
-7.3529
-10.5250
-13.5820
-16.0535
-8.3560
-9.8557
-9.4401
-11.1107
-4.1218
-9.3722
-6.0334
-7.4354
-3.3655
-7.0460
-6.0423
-8.0392
-7.3878
-10.1679
-3.0912
-6.7978
-8.1487
-10.1941
-6.3576
-9.0429
-5.9925
-7.3595
-8.9638
-8.4199
-4.7487
-8.8059
-5.7622
-6.8654
-3.3618
-5.6797
-5.2341
-8.2529
-5.2748
-6.8175
-5.2372
-10.5927
-6.9849
-4.0245
-7.7270
-11.5547
-6.8415
-10.9529
-6.0166
-9.0551
-6.0962
-7.7217
-11.2996
-13.0540
-8.6774
-7.7180
-6.0321
-10.0787
-11.5157
-11.4937
1.1006
2.1709
-8.6260
-10.1385
-8.9940
-11.6222
-9.8864
-9.6935
-8.3485
-10.5362
-7.6206
-5.8119
-7.3853
-10.6103
-9.7063
-9.1799
-7.9585
-10.7107
-9.8032
-11.6785
-4.2753
-8.2311
-6.6596
-9.0956
-5.9514
-4.1799
-3.3918
-5.1268
-5.8646
-8.2090
