-0.6953
-0.8292
-0.6125
-0.9385
-0.8967
-2.3380
-1.4135
-1.5746
-2.1691
-1.1724
-2.0116
-0.7149
-0.8000
-0.7964
-0.9920
-2.1688
-0.6871
-1.4641
-2.6322
-0.8150
-1.3360
-1.8183
-1.2211
-0.8967
-0.9596
-1.3577
-1.2696
-1.0478
-1.5168
-1.1432
-1.2684
-0.8210
-0.7368
-1.4334
-0.7932
-3.6668
-1.6984
-1.5228
-2.4631
-1.6519
-0.7916
-0.9902
-1.8033
-2.3941
-1.1306
-0.7568
-1.0054
-0.7979
-0.8875
-0.7196
-1.4401
-0.9190
-0.8049
-0.6654
-1.5517
-0.8192
-1.1098
-1.1434
-1.7880
-0.7892
-1.9986
-1.1237
-0.9838
-2.7781
-1.0204
-1.4497
-3.9469
-1.3348
-2.0898
-0.8293
