-11.2149
-13.3301
-9.5453
-13.3463
-14.4753
-22.4370
-19.0179
-19.5753
-23.2165
-16.4075
-22.9933
-10.6934
-12.3766
-12.3299
-14.6491
-21.9376
-11.3831
-16.4885
-20.8017
-12.5987
-16.0126
-18.5882
-16.9354
-13.9918
-13.2241
-19.2561
-17.5662
-15.4259
-19.4947
-15.8445
-15.9312
-11.8707
-11.8621
-17.1152
-12.6994
-20.8227
-15.2914
-15.4675
-18.8815
-16.9195
-8.5299
-8.3989
-13.6495
-16.6492
-12.1362
-9.7754
-12.0741
-9.5496
-11.2003
-9.6832
-14.9926
-11.1127
-11.5441
-9.7648
-16.0940
-11.4861
-11.5805
-12.2330
-15.9133
-10.7392
-16.2123
-11.2671
-13.2574
-16.6116
-13.1940
-15.0472
-20.2580
-15.3363
-17.1981
-11.8799
