-4.1825
-4.7637
-2.0096
-4.9954
-3.5272
-12.6071
-9.0955
-6.6982
-11.9780
-4.5052
-8.1411
1.2060
-0.9169
-4.6399
-2.6514
-12.5481
-3.5408
-4.4570
-9.9922
-2.1542
-7.0150
-9.0704
-9.4334
-6.3423
-2.7953
-4.5711
-4.9865
-4.6177
-6.0002
-2.4171
-4.1715
-3.8024
-4.4107
-5.1047
-3.8513
-10.1281
-6.4279
-8.4497
-5.0402
-5.3333
-3.2500
-2.0445
-5.3871
-6.5125
-4.8557
-2.4011
-2.8523
-3.3669
-4.1444
-3.9042
-6.7406
-2.1314
-4.0482
-3.7598
-7.0676
-3.1246
-3.5731
-3.5897
-5.2690
-3.0716
-4.9841
-4.5305
-5.1828
-6.7214
-3.4870
-4.6700
-7.0608
-6.9100
-8.4288
-5.1595
