-0.1540
1.4399
0.1767
3.2575
3.5137
11.8392
3.6688
7.2415
10.7067
4.3254
12.3187
6.0351
3.8505
0.6555
4.8337
9.0041
0.2210
7.2502
15.0020
2.2692
3.6975
7.4894
1.8591
-0.6622
3.7235
8.9983
5.4700
3.9325
7.6223
7.3180
6.1485
0.4384
0.4427
9.1905
0.5020
17.2126
3.4186
1.0270
12.1309
6.3859
-0.4092
2.1731
4.3150
9.6711
1.5533
0.7551
3.0353
0.0369
0.1129
-1.0233
2.1732
2.5719
-0.0957
-1.1698
4.9497
0.9898
2.1347
2.8510
6.1458
0.4208
7.8303
1.0362
1.2719
9.0726
2.0484
4.3736
18.8094
1.9522
5.3465
-0.7323
