4.0285
6.2037
2.1863
8.2529
7.0409
24.4463
12.7642
13.9397
22.6847
8.8305
20.4598
4.8291
4.7675
5.2955
7.4851
21.5523
3.7618
11.7072
24.9942
4.4234
10.7125
16.5598
11.2926
5.6801
6.5188
13.5694
10.4565
8.5502
13.6225
9.7351
10.3200
4.2408
4.8535
14.2952
4.3533
27.3407
9.8464
9.4767
17.1711
11.7193
2.8408
4.2176
9.7021
16.1836
6.4090
3.1562
5.8877
3.4039
4.2573
2.8809
8.9137
4.7033
3.9525
2.5900
12.0173
4.1144
5.7078
6.4407
11.4148
3.4924
12.8144
5.5667
6.4546
15.7941
5.5354
9.0436
25.8702
8.8622
13.7753
4.4272
