-0.8581
-1.0977
-0.6675
-1.5292
-1.3210
-2.3152
-1.6704
-2.2436
-2.1519
-1.4848
-2.0904
-1.4452
-1.3332
-0.7048
-1.8331
-2.1484
-0.8311
-1.3726
-1.9110
-1.0371
-1.6672
-1.6805
-1.7250
-0.9492
-1.3964
-2.2377
-1.7268
-1.0705
-1.5788
-1.8484
-1.3698
-0.9602
-0.8132
-1.1929
-0.9443
-2.0530
-1.4346
-1.2334
-1.4710
-1.9356
-0.7026
-0.6796
-1.3969
-1.5351
-1.1718
-0.6152
-0.9893
-1.0201
-0.8360
-0.8589
-1.2471
-0.8993
-0.9130
-0.5627
-1.7275
-0.7237
-1.0063
-0.9440
-1.0869
-0.6420
-1.4467
-0.7779
-0.7984
-1.5374
-0.8410
-1.2728
-2.3985
-1.2566
-2.0592
-0.7502
