-8.7135
-10.1814
-7.7694
-8.8067
-9.2106
-10.4717
-13.2944
-10.8756
-12.3331
-10.9351
-10.8857
-3.2866
-6.9394
-9.8310
-7.7089
-12.1127
-9.6372
-9.1237
-7.7583
-9.0031
-11.2308
-11.0474
-12.9940
-12.3485
-7.9989
-8.9957
-11.0931
-10.5204
-11.6794
-8.2404
-10.0560
-9.2097
-9.5480
-7.8594
-10.3414
-6.2406
-10.6490
-11.9073
-8.6923
-10.2308
-6.6188
-5.1966
-7.8762
-7.5252
-8.4110
-7.7264
-8.3884
-7.3801
-9.1629
-8.4299
-11.0091
-7.1513
-9.7345
-8.8825
-10.0352
-8.9044
-8.0760
-8.7637
-9.5886
-8.6508
-9.4525
-8.2093
-10.4042
-7.9637
-9.5282
-10.3048
-5.2199
-11.3794
-11.4038
-10.6420
