-1.2898
-0.6695
-1.5084
-1.2650
-1.5224
-1.1779
-0.9525
-1.3569
-1.1734
-1.4632
-0.5999
-0.8887
-0.7734
-0.5862
-0.5751
-0.7273
-0.5953
-0.5571
-0.5752
-0.5165
-1.0306
-2.7358
-3.0755
-2.2488
-3.4669
-2.8092
-3.1814
-2.0310
-3.6932
-2.2939
-0.4369
-0.3824
-0.2571
-0.5639
-0.6799
-0.5497
-0.7900
-0.4127
-0.3321
-0.5759
-0.6993
-0.9968
-1.2913
-0.3686
-0.3566
-0.3211
-0.6590
-1.0815
-0.4853
-0.6043
-1.8254
-1.0391
-2.7292
-1.3588
-1.4625
-1.7668
-0.9624
-0.8639
-0.7879
-1.2251
-1.8077
-3.4940
-3.3327
-2.6002
-3.4348
-1.9284
-2.6622
-1.4921
-3.4978
-3.9612
-0.3089
-0.2961
-0.4291
-0.6637
-0.4805
-0.3903
-0.5249
-0.4843
-0.5054
-0.4783
-1.9916
-1.7178
-1.7577
-3.3307
-0.6701
-0.8878
-0.9159
-0.7772
-1.0692
-1.2535
-1.0119
-2.5352
-1.3528
-0.8741
-2.4181
-0.7748
-1.0265
-0.3849
-1.5185
-1.1049
