-15.0448
-7.7691
-9.4328
-12.0197
-12.1141
-10.9994
-10.4728
-13.5615
-12.4101
-14.2642
-9.6135
-12.1054
-11.1668
-8.5835
-8.6495
-10.9429
-8.8957
-8.3893
-9.2172
-7.9751
-15.1029
-23.9111
-25.1279
-18.9941
-25.0321
-23.2181
-21.1073
-22.5817
-26.5636
-21.0054
-6.6542
-6.0875
-4.1221
-8.7622
-9.7859
-8.5624
-9.5770
-6.3548
-5.1803
-8.7317
-9.8011
-12.6187
-14.4679
-6.0676
-5.8165
-5.0385
-9.6137
-13.6639
-8.1666
-9.5007
-19.8784
-13.8280
-19.4570
-15.6053
-15.4989
-18.6066
-10.4250
-9.7779
-10.1269
-12.5368
-15.0971
-21.1207
-22.7423
-17.0253
-20.7850
-16.4078
-18.3745
-13.7571
-17.0438
-21.2484
-3.1778
-3.1956
-4.3935
-8.3470
-6.0134
-4.3782
-6.3112
-5.9538
-6.5575
-6.4816
-16.8191
-14.1111
-15.7459
-20.2430
-7.8149
-10.4007
-11.0859
-9.1237
-11.6293
-13.7083
-12.5497
-16.3926
-15.3644
-13.2934
-24.4188
-12.3776
-14.3697
-5.9725
-18.8486
-17.0522
