-2.3103
-2.8028
-8.0223
-5.4760
-9.9520
-4.6014
0.1219
-5.0198
-7.5162
-5.6930
-4.1003
-5.8580
-3.9808
-3.5329
-3.9350
-5.8795
-4.8406
-4.3020
-3.5973
-5.0152
-7.8856
-15.3649
-16.3539
-11.2297
-16.0114
-16.0642
-13.2995
-11.1081
-19.8760
-11.4406
5.5417
-3.2424
1.4205
12.9581
-2.6008
-9.5816
-0.1145
5.6785
-2.4432
23.0926
28.6438
11.7095
10.8502
12.1437
16.8560
10.0897
10.9366
21.1749
21.9199
12.4114
-28.1894
-17.0926
-35.6118
-13.3463
-23.6039
-19.1468
-28.3120
-23.2155
-22.4948
-21.4190
2.8709
-1.9125
-7.1959
-4.3682
-2.6864
-0.5217
-7.3804
3.1986
-1.5489
-11.8787
2.6529
-0.5375
-0.5795
3.9433
5.2696
4.8916
2.3771
4.6944
5.6407
6.0187
15.3131
5.9949
5.9753
1.8951
11.8266
12.7867
12.6026
16.0474
10.3339
15.3614
3.7338
3.7708
5.5761
6.0429
-1.1026
6.7362
7.3498
4.2103
3.4412
6.7099
