8.8433
0.3531
1.5883
5.9759
2.9366
3.9989
7.4327
4.7408
2.9672
6.3264
-1.9963
-1.1857
0.0240
-1.5799
-2.2574
-2.9699
-2.8333
-2.7495
-1.7322
-3.6569
-1.5100
8.7429
13.6001
3.4602
13.1369
8.5201
9.6108
6.6556
11.2054
6.6310
7.6882
-1.3910
1.8643
18.1342
3.1330
-4.7307
5.0588
7.6101
-1.4564
27.9242
35.8852
22.6496
24.6456
13.5605
18.8324
10.9882
16.9272
32.6850
24.8920
16.0795
-10.4000
-9.4319
-16.5676
-2.8942
-13.1151
-4.0958
-21.9535
-17.9060
-16.6042
-12.1085
11.1921
19.1321
17.1156
11.3748
15.2879
8.4901
7.1070
10.1566
17.2272
14.4727
2.9919
0.0693
1.0483
7.3170
6.3516
5.3614
4.2207
5.8467
7.0134
7.2004
32.3368
17.2667
18.0843
31.9372
14.0796
18.0146
17.5333
19.6916
15.8271
23.3682
13.4790
20.2349
20.9350
14.9313
19.9948
12.6258
18.3940
4.8930
17.9350
18.7105
