11.1536
3.1560
9.6106
11.4519
12.8886
8.6002
7.3108
9.7607
10.4834
12.0194
2.1040
4.6723
4.0048
1.9529
1.6776
2.9096
2.0073
1.5525
1.8651
1.3583
6.3757
24.1078
29.9540
14.6898
29.1483
24.5843
22.9103
17.7638
31.0814
18.0715
2.1465
1.8514
0.4438
5.1761
5.7339
4.8509
5.1733
1.9316
0.9868
4.8317
7.2414
10.9401
13.7954
1.4168
1.9765
0.8984
5.9906
11.5101
2.9721
3.6681
17.7894
7.6608
19.0442
10.4522
10.4888
15.0510
6.3585
5.3095
5.8906
9.3106
8.3212
21.0447
24.3115
15.7430
17.9743
9.0118
14.4873
6.9580
18.7761
26.3514
0.3390
0.6068
1.6278
3.3737
1.0820
0.4698
1.8435
1.1522
1.3727
1.1817
17.0237
11.2718
12.1091
30.0422
2.2530
5.2279
4.9308
3.6442
5.4931
8.0068
9.7452
16.4640
15.3589
8.8884
21.0974
5.8896
11.0442
0.6827
14.4938
12.0006
