-1.9322
-1.0255
-1.6613
-2.5650
-2.2097
-1.9670
-2.1050
-1.7126
-1.8821
-2.1112
-0.3361
-0.4505
-0.3370
-0.3397
-0.2888
-0.3882
-0.3256
-0.2718
-0.2980
-0.2360
-0.8784
-2.0732
-1.6863
-1.4562
-1.8214
-2.1027
-1.4584
-1.4053
-2.5938
-1.3666
-2.7301
-2.5363
-1.4315
-4.6389
-4.5483
-4.1108
-4.7690
-2.6497
-2.2062
-4.3289
-5.4313
-6.3044
-6.9300
-2.5468
-2.8457
-2.0961
-3.9852
-6.0686
-3.5541
-4.1918
-8.4397
-5.3646
-7.3842
-5.9521
-5.5735
-6.2594
-4.4748
-4.0693
-4.2243
-5.1563
-3.1387
-4.7210
-4.4506
-3.4933
-4.3684
-3.3746
-4.4546
-2.5610
-3.1503
-4.8596
-0.1439
-0.2499
-0.5342
-1.1123
-0.3365
-0.2456
-0.6791
-0.6321
-0.4239
-0.3781
-2.1602
-1.0212
-1.2688
-2.0546
-0.7441
-1.1644
-1.0522
-1.0976
-0.8479
-1.6105
-1.5602
-1.5956
-2.5965
-1.9287
-1.8951
-1.6240
-2.3012
-0.6508
-2.1261
-2.4447
