-8.0792
-7.3908
-9.5119
-6.9682
-10.9002
-8.2476
-3.8380
-10.1399
-11.2296
-10.3564
-9.0492
-11.5604
-9.5914
-8.0335
-8.7320
-11.4831
-9.4324
-8.7790
-8.6043
-8.7832
-15.6659
-17.0735
-13.1772
-17.2143
-14.3989
-16.6605
-13.4736
-16.8948
-18.7185
-15.3599
6.8313
1.9886
4.3956
11.9563
1.5520
-0.7941
3.8892
6.4049
4.1336
16.4701
21.4668
11.1488
10.3946
9.9297
12.5945
9.1870
8.5278
16.8598
13.9415
10.1470
-17.4630
-10.1385
-23.2662
-9.1026
-15.5838
-12.7209
-15.0233
-12.4315
-11.9365
-13.8270
-8.3491
-7.9044
-12.0090
-9.3833
-11.4741
-11.4288
-13.1283
-8.1783
-5.6109
-12.1308
-2.2135
-3.6193
-4.5677
-4.0955
-3.0304
-2.1475
-4.4914
-3.2568
-2.7750
-3.0742
4.6195
-5.4818
-5.7492
0.9351
-0.2195
-0.0680
-0.9836
3.4171
-2.9615
0.6287
-2.3370
-1.1756
2.2892
-0.3119
-8.4079
-0.9711
1.5170
-0.6797
-3.3959
-0.4205
