-1.2287
-1.5844
-1.5132
-2.1673
-1.4268
-3.6492
-1.4458
-1.5523
-2.8666
-1.4978
-1.4587
-1.2585
-1.1331
-0.8206
-1.1226
-0.8799
-1.4128
-1.1813
-1.3153
-1.0722
-0.8295
-2.0420
-1.3639
-1.3157
-1.2584
-1.3315
-1.6741
-1.0192
-1.2428
-2.9163
-1.6958
-2.0933
-0.8286
-1.1528
-1.6298
-1.2838
-1.3176
-1.3228
-1.7919
-1.0938
-0.9162
-1.0128
-3.2000
-0.6754
-1.6298
-0.8726
-1.3479
-0.6715
-4.0062
-1.1065
-0.9339
-1.1622
-1.1431
-1.4415
-2.9598
-4.3927
-1.5599
-0.9195
-1.8050
-1.4689
-0.8786
-0.7854
-0.9681
-1.5899
-1.4798
-3.2971
-0.5702
-2.9619
-1.0681
-0.9560
-2.8934
-1.9945
-2.4939
-2.8656
-1.4980
-1.7490
-1.1981
-1.0764
-0.9453
-1.1684
-1.3002
-1.1182
-0.7991
-1.2842
-2.8905
-0.8277
-5.5369
-3.2179
-0.8567
-0.9282
-1.7330
-1.0597
-1.1542
-1.3897
-1.0409
-1.2988
-2.9265
-1.2870
-1.0995
-1.1703
-1.1376
-2.3842
-1.4946
-1.2037
-2.4270
-1.5235
-2.5636
-2.7393
-1.7541
-3.6208
-2.0463
-1.6366
-1.6692
-3.1094
-2.1087
-2.3985
-3.1561
-2.5284
-4.0497
-1.7341
-2.1927
-2.8007
-2.0091
-3.2288
-1.8888
-2.3346
-2.9196
-3.2335
-2.4982
-1.3606
-1.4343
-2.2744
-2.5963
-2.8629
-2.4564
-2.2774
-2.5089
-1.6556
-2.1217
-1.7556
-1.1134
-2.0057
-1.3216
-1.5503
-1.4949
-2.5169
-2.0421
-1.5016
-1.3617
-1.7865
-1.8773
-0.7906
-1.1465
-2.8828
-2.7115
-3.9095
-2.1148
-1.5335
-2.1635
-1.5312
-4.1152
-3.4690
-2.7093
-1.9746
-1.4719
-1.4884
-2.7300
-2.9677
-1.5796
-2.1631
