-15.7580
-17.1558
-18.0969
-20.1548
-12.9799
-22.6581
-17.0265
-14.1487
-19.5277
-15.3715
-12.9052
-12.5883
-9.0506
-8.3242
-11.4071
-8.5243
-10.4881
-8.4288
-10.0460
-9.0318
-11.9549
-20.4365
-17.1699
-17.8218
-15.8732
-16.5591
-20.0817
-15.6429
-16.6526
-24.4579
-12.6916
-15.4325
-8.2448
-12.5776
-16.1506
-12.9344
-14.6643
-13.3437
-14.0681
-10.2191
-9.8458
-10.9832
-15.1591
-8.1029
-12.9016
-9.5886
-11.6361
-8.4624
-18.7093
-12.8133
-12.2981
-14.0163
-11.1927
-13.3620
-16.2608
-17.7508
-13.3796
-8.3881
-15.1819
-12.8261
-13.1940
-13.1499
-12.8890
-15.7164
-17.8447
-25.6820
-8.7141
-23.1511
-15.3598
-12.7140
-23.0801
-19.7803
-19.7453
-20.1993
-14.0272
-16.9710
-15.4234
-14.5026
-13.9109
-14.3705
-10.3280
-11.5484
-8.2239
-12.2819
-18.7848
-8.4132
-20.3954
-21.8711
-8.6028
-9.2070
-11.5194
-12.0919
-12.0633
-13.8128
-11.6894
-13.7020
-17.8829
-12.4285
-11.6921
-14.2379
-12.0429
-20.6765
-15.1122
-13.5011
-20.0693
-16.0499
-19.3218
-22.3842
-17.2919
-23.8627
-15.1449
-11.2805
-15.3971
-19.5285
-15.5868
-16.6330
-18.8852
-16.2517
-18.9913
-16.2781
-14.6389
-16.9860
-15.6255
-18.6033
-15.7931
-16.1049
-15.4598
-18.2732
-16.2915
-13.8580
-11.3708
-12.4728
-14.1621
-13.4347
-13.2324
-14.2289
-14.9556
-14.1465
-16.1041
-12.2281
-11.3600
-12.0358
-11.1722
-13.1458
-13.4473
-18.1479
-15.3778
-10.5435
-10.0393
-16.8743
-12.7860
-8.8613
-12.9723
-18.8651
-14.2040
-17.3335
-15.6216
-13.2109
-11.6660
-13.0687
-24.4088
-18.8013
-17.4738
-13.8829
-12.6156
-12.3875
-21.4020
-17.5587
-12.2977
-15.5264
