-6.9061
-5.2523
-4.8969
-8.1793
-5.7582
-12.4339
-5.6618
-5.4158
-12.3266
-6.8291
-8.8257
-1.5549
-12.4132
-9.4034
-11.2185
-13.6514
-14.4121
-6.3042
-6.1139
-6.9718
-4.9753
-10.4454
-5.7838
-5.1994
-5.7221
-5.6629
-7.4756
-3.3243
-5.9131
-12.5612
-2.5944
1.1486
-0.7376
-4.7498
-7.9969
-2.7355
-8.3216
-6.0222
-1.1669
-1.7932
-11.3944
-0.4860
-25.5425
-13.6721
-19.1928
-6.6271
-22.7131
-16.6516
-31.2231
-21.2220
-22.5501
7.4885
-15.0095
-2.4415
-26.7679
-34.0036
-11.8696
-14.1914
-20.7229
-17.1257
-2.5625
-1.7649
-3.3591
-4.7526
-6.4167
-14.5932
-1.4545
-7.2356
-4.2704
-2.9997
-7.9427
-5.9848
-8.5156
-8.9553
-7.3778
-5.7438
-2.5097
-3.6389
-3.7165
-4.6530
9.1345
10.7838
11.8960
3.6099
-4.6899
0.8924
-8.8674
-2.7557
5.9731
-0.1951
-5.4013
-3.7850
-5.8627
-4.0015
1.8643
-9.0631
-5.7035
-3.6126
-2.7856
-0.6456
3.3199
-1.3810
2.5909
0.5300
-4.8809
-2.0973
-3.2979
-3.1907
-2.2992
-3.5587
-8.3850
-6.4506
-0.6464
-2.3820
-5.8187
-10.6820
-12.4054
-5.5521
-13.6238
-6.5553
-3.2809
-8.6816
-2.1065
-13.8484
-7.4891
-6.4696
-10.6892
-4.9500
-8.4511
-0.9450
-1.8127
-7.6910
-4.3333
-10.0110
-8.3972
-6.0793
-2.7758
-4.1711
-6.1357
-10.1368
1.0167
-5.6675
-1.0383
-2.4202
-3.7859
-5.7350
-5.6857
-5.2883
-0.8417
-4.2963
-9.9746
-1.2620
-3.9382
-5.2847
-6.8051
-12.6953
-6.9007
-5.5208
-9.2281
-5.7007
-12.6635
-7.1056
-1.4343
-4.5314
-3.4789
-4.0332
-11.1342
-11.6403
-4.5947
-7.1947
