1.9385
8.3314
9.0757
10.4615
4.4864
20.1968
6.1914
4.6432
12.3124
4.0546
0.4171
7.3377
-6.4556
-5.6947
-4.9796
-9.9204
-5.3177
-0.1578
2.3110
0.2142
-1.1496
9.5721
4.4166
6.3786
2.1952
5.3135
8.3593
4.6479
3.9284
14.5754
10.6470
18.2368
2.3029
2.2158
4.2294
5.5507
1.5506
4.1283
12.8752
5.1270
-3.6491
7.3000
-2.3211
-8.9261
-3.8873
-0.4171
-10.8125
-13.5216
-0.1083
-13.4923
-14.3744
16.8820
-7.9432
7.9912
-2.0329
-3.9471
-0.6644
-9.5402
-7.0229
-2.7470
2.7185
2.7567
2.3847
7.3740
6.4534
17.2769
0.2685
16.3589
2.9344
2.0244
19.1697
10.1101
10.9969
12.7732
2.4058
7.6181
5.8215
3.5256
2.6689
3.1602
16.8714
17.5633
15.4649
11.6725
19.7817
4.9415
34.9283
27.4275
10.4802
4.6736
6.8602
3.2316
1.9530
6.4636
8.4417
0.7482
19.4216
5.0169
4.8007
8.3919
8.9077
20.8315
12.3479
7.2747
13.7525
10.1975
16.1564
20.8868
10.6453
28.6713
5.1858
3.3139
10.7486
22.5500
11.7365
6.6456
12.1422
11.7102
21.4970
6.9443
12.5863
11.1059
13.0065
11.9299
6.5364
10.9646
10.1232
20.9212
9.4816
9.1858
7.7194
7.8945
14.9401
10.8116
10.1022
11.8156
14.7825
7.1224
10.7051
1.3592
10.8456
9.8648
8.3937
8.1914
5.7531
16.2813
12.0824
3.8931
8.4352
12.0532
2.6110
2.2525
5.8549
17.5856
14.0398
17.9096
8.5461
4.4300
6.7085
3.9809
22.7364
20.3859
22.5679
8.9583
5.4240
5.8024
16.7400
12.2822
4.1048
8.8060
