8.8446
13.5837
13.9726
18.6409
10.2447
32.6306
11.8532
10.0590
24.6390
10.8837
9.2428
8.8927
5.9576
3.7086
6.2389
3.7310
9.0944
6.1464
8.4249
7.1860
3.8258
20.0175
10.2004
11.5780
7.9173
10.9764
15.8349
7.9723
9.8415
27.1366
13.2414
17.0882
3.0405
6.9656
12.2263
8.2861
9.8722
10.1504
14.0420
6.9202
7.7453
7.7860
23.2214
4.7460
15.3055
6.2100
11.9005
3.1299
31.1149
7.7297
8.1758
9.3936
7.0664
10.4326
24.7350
30.0565
11.2052
4.6513
13.7000
14.3786
5.2810
4.5216
5.7438
12.1265
12.8701
31.8701
1.7230
23.5945
7.2047
5.0241
27.1124
16.0949
19.5124
21.7285
9.7836
13.3619
8.3312
7.1645
6.3854
7.8131
7.7370
6.7795
3.5689
8.0626
24.4716
4.0491
43.7957
30.1832
4.5071
4.8688
12.2615
7.0166
7.8158
10.4650
6.5774
9.8113
25.1251
8.6295
7.5863
9.0375
5.5878
22.2124
9.7570
6.7447
18.6334
12.2948
19.4543
24.0775
12.9446
32.2300
13.5709
9.7645
11.3950
24.9320
17.5552
17.3276
24.5475
17.2622
35.1208
13.4997
15.8672
19.7875
15.1131
25.7783
14.0255
17.4342
20.8124
25.8712
17.9326
10.1308
9.5321
15.5855
19.2735
20.8226
18.4995
17.8949
17.5583
11.2935
16.8407
11.4960
9.8289
15.5323
9.4320
10.6117
9.5390
22.0163
17.7681
9.1815
9.2770
16.3495
12.5856
3.5145
9.7931
22.8703
20.8448
30.6049
15.4468
9.9508
15.9366
9.6816
35.3999
27.4915
24.0021
13.4898
8.9029
9.8356
27.8742
23.9224
8.6995
16.0007
