-1.2279
-1.4842
-1.7543
-2.0649
-1.7717
-2.3480
-1.3413
-1.2458
-3.1263
-1.4442
-3.8498
-3.9013
-3.0616
-3.2548
-4.6841
-3.0563
-3.3752
-2.6428
-2.8986
-3.1154
-1.1002
-1.8142
-1.4965
-1.5931
-1.7029
-1.4418
-1.5600
-1.3839
-1.8215
-2.1072
-1.7499
-3.1041
-0.7339
-1.2302
-1.6272
-1.4665
-1.6751
-1.0160
-2.0211
-1.3881
-7.1243
-7.5391
-10.8338
-5.6753
-9.6856
-6.9048
-9.0279
-5.4093
-13.9237
-8.3356
-7.7842
-9.3530
-8.1838
-9.6935
-11.5930
-12.7200
-8.1871
-5.6780
-10.2103
-9.9530
-1.1305
-0.9753
-0.8739
-1.1573
-1.5849
-2.5030
-0.6183
-2.1180
-1.4955
-1.2096
-1.9449
-1.5391
-1.8345
-1.8828
-1.2534
-1.5186
-1.4923
-1.1203
-1.0455
-1.5120
-5.7335
-5.0571
-4.2907
-6.1144
-8.5900
-3.9058
-10.2906
-10.1317
-5.0861
-4.7151
-8.7821
-6.7717
-7.6747
-8.4141
-6.6126
-7.5095
-12.0488
-8.0042
-8.6654
-8.4751
-1.1278
-2.6629
-1.6747
-1.3058
-2.1394
-1.4889
-2.3327
-3.1674
-1.7094
-2.7694
-2.4774
-1.5565
-1.6880
-2.9097
-1.9723
-2.9407
-3.4668
-1.8747
-2.5964
-2.0137
-2.4225
-2.9769
-2.4152
-2.7549
-2.1139
-2.2721
-2.5677
-3.1139
-2.3300
-1.8982
-1.7310
-2.3122
-2.6154
-2.4165
-2.9436
-2.5557
-1.7390
-1.4796
-2.6508
-2.3758
-2.3396
-3.2255
-2.2175
-2.0301
-1.8607
-3.3754
-3.3005
-1.7270
-2.3531
-2.5951
-1.8659
-0.8017
-1.8117
-2.3007
-2.6972
-2.6846
-1.9551
-1.5636
-3.2275
-1.4640
-3.7754
-2.6238
-3.5602
-1.8079
-1.7132
-1.1500
-2.5402
-2.3670
-1.6386
-2.3165
