-14.7644
-10.6923
-10.8307
-12.4190
-10.4491
-7.1012
-12.2477
-11.1376
-11.8300
-12.8276
-14.2615
-7.7996
-15.3265
-12.9116
-16.1235
-16.5735
-16.3694
-10.5672
-10.0340
-10.2879
-13.1705
-13.4632
-14.1488
-12.7815
-14.8169
-12.2456
-13.4972
-11.8090
-13.8831
-13.4756
-6.6269
-3.6701
-7.6266
-12.9317
-15.2890
-10.2655
-15.5640
-11.4752
-4.9838
-8.1840
-14.7848
-7.6345
-22.9914
-16.2686
-19.8056
-11.8055
-23.3281
-18.5406
-26.5832
-25.3721
-24.1065
-2.5929
-19.0763
-9.2306
-23.6534
-28.6604
-16.4890
-16.3626
-24.0043
-18.8322
-11.1254
-10.9428
-10.9922
-9.9083
-12.9010
-12.4624
-8.4447
-10.5680
-12.9868
-11.4132
-7.5152
-11.8867
-11.4286
-10.6644
-12.8812
-11.1810
-10.6965
-11.7632
-11.6360
-12.2717
0.2593
0.4765
2.8239
-5.1556
-6.6798
-6.0615
1.6672
-3.6104
-2.3252
-6.9662
-9.2989
-11.3748
-12.4736
-11.3669
-6.7455
-15.0511
-7.0881
-11.0616
-10.0307
-9.5774
-6.6457
-5.6116
-6.8347
-9.5845
-11.5924
-9.7148
-8.8675
-8.3212
-11.0710
-2.9946
-13.8754
-10.6906
-8.8686
-3.8245
-8.0027
-14.5321
-12.6054
-9.1239
-4.0797
-13.2920
-6.9884
-11.3509
-7.1572
-12.4971
-12.9070
-9.7261
-10.5329
-4.3135
-11.8706
-8.1230
-6.6935
-8.4389
-4.0600
-7.0521
-7.2279
-6.4128
-5.0832
-10.2478
-9.4796
-13.6109
-2.8333
-5.6684
-5.5461
-8.3085
-10.8274
-7.7747
-7.6934
-9.8622
-4.3933
-8.7310
-13.0267
-8.0471
-9.8169
-7.1445
-5.2148
-6.0458
-10.9513
-11.7502
-8.3294
-11.9206
-9.8119
-5.0364
-1.3794
-8.8965
-10.5133
-9.4694
-10.0316
-10.8025
-11.3297
-11.2091
