-0.5253
-0.5193
-2.1671
-2.1411
-0.6534
-0.6439
-0.4999
-0.4944
-0.7921
-0.7718
-0.7343
-0.7137
-0.3971
-0.3879
-0.9686
-0.9553
-1.8209
-1.7380
-0.7183
-0.7058
-3.8284
-3.7605
-2.7679
-2.6818
-1.1579
-1.0949
-1.4582
-1.4166
-4.0552
-3.8836
-1.3385
-1.3314
-2.0794
-2.0243
-2.0724
-2.0695
-1.4189
-1.3333
-2.5604
-2.4470
-2.2622
-2.2263
-2.1458
-2.0371
-4.0223
-3.8229
-7.4060
-7.1831
-1.0845
-1.0900
-2.3499
-2.3337
-1.0446
-1.0217
-1.7582
-1.7754
-2.0082
-1.9472
-2.3578
-2.3445
-1.2868
-1.2139
-1.4613
-1.3209
-1.7868
-1.6645
-2.2913
-2.1812
-1.4656
-1.3176
-1.1683
-1.0953
-3.1002
-2.8941
-2.1056
-1.9938
-1.0047
-0.9658
-2.3461
-2.2348
-2.0694
-1.9349
-4.9686
-4.6702
-4.3285
-4.0464
-5.9186
-5.5796
-3.3355
-3.0960
-4.7022
-4.4093
-3.5944
-3.4267
-5.0774
-4.7483
-3.6849
-3.4003
-3.4319
-3.2043
-0.9881
-0.9768
-2.9520
-2.8831
-1.3921
-1.3396
-1.9025
-1.7910
-3.7326
-3.4835
-2.0001
-1.8742
-2.6018
-2.4990
-3.2255
-3.0871
-5.5110
-5.3010
-3.4027
-3.2748
-1.0177
-0.9911
-0.7736
-0.7485
-1.8325
-1.7739
-1.8209
-1.7846
-3.2787
-3.1827
-1.5602
-1.5312
-3.1369
-3.0148
-4.8607
-4.6677
-1.7345
-1.6045
-2.3998
-2.3093
-0.8500
-0.8387
-2.4628
-2.1655
-0.7450
-0.6916
-0.9440
-0.8810
-0.8336
-0.7658
-1.5085
-1.4013
-1.5540
-1.4297
-2.0001
-1.7288
-2.1805
-1.9570
-22.1529
-19.1387
-3.2075
-3.1368
-2.2052
-2.1213
-2.7051
-2.6386
-3.6090
-3.5243
-1.2063
-1.1336
-1.1075
-1.0563
-1.2938
-1.2138
-1.9223
-1.8750
-4.6357
-4.3543
-1.7063
-1.7160
-2.5287
-2.5277
-2.7468
-2.7943
-1.1096
-1.1303
-1.9046
-1.9179
-1.5729
-1.6043
-5.3066
-5.2995
-2.9480
-2.9742
-1.8254
-1.8441
-0.9533
-0.9734
-1.4582
-1.4811
-2.2896
-2.1994
-1.2562
-1.2288
-2.2173
-2.1737
-1.1430
-1.1289
-1.6537
-1.6129
-1.0452
-1.0315
-0.9138
-0.9110
-2.6683
-2.6567
-0.6298
-0.6170
-1.4728
-1.4026
-21.0987
-18.5981
-22.5514
-19.5782
-28.6475
-25.3266
-13.7552
-11.9068
-31.0600
-27.7741
-16.3708
-14.0815
-17.4309
-15.1115
-9.4266
-7.9696
-4.6229
-3.6172
-14.5336
-12.6018
-0.7958
-0.7807
-0.5176
-0.5261
-0.6654
-0.7039
-0.4474
-0.4283
-0.7673
-0.7609
-0.5019
-0.4924
-0.6418
-0.6185
-0.8126
-0.7953
-1.0351
-0.9481
-0.6009
-0.5885
-19.1558
-17.5044
-15.4110
-14.2315
-0.8054
-0.8116
-0.5023
-0.4865
-0.7007
-0.7037
-0.9534
-0.9418
-1.4669
-1.3683
-1.5923
-1.4772
-1.3986
-1.2829
-0.9062
-0.8832
-1.1665
-1.1166
-1.0034
-0.9799
-5.1595
-5.2369
-0.9426
-0.9635
-1.9688
-1.7923
-1.5315
-1.5067
-1.4462
-1.3911
-1.0404
-1.0309
-1.6428
-1.6040
-2.7340
-2.7224
-2.5929
-2.4748
-1.6045
-1.5867
-1.3639
-1.3393
-1.8533
-1.7844
-1.3086
-1.2796
-2.0161
-1.9436
-1.1655
-1.1257
-1.5472
-1.4569
-1.8352
-1.7956
-1.8685
-1.8079
-1.9786
-1.9014
-1.8464
-1.7552
-2.5539
-2.3431
-0.9441
-0.8979
-1.0713
-1.0356
-1.1995
-1.1322
-1.3435
-1.3084
-1.3857
-1.2945
-1.8251
-1.7174
-2.0533
-1.9317
-0.8820
-0.8649
-2.0027
-1.8909
-1.4122
-1.3662
-1.1051
-1.0722
-0.5196
-0.5134
-0.6276
-0.6082
-0.8415
-0.8028
-1.4424
-1.3373
-1.5578
-1.4525
-2.0214
-1.8533
-1.4837
-1.4037
-4.9003
-4.3723
-2.0995
-1.9962
-2.5451
-2.4853
-0.8957
-0.9456
-4.0221
-3.6465
-0.8031
-0.7806
-1.2337
-1.2225
-2.1453
-1.9987
-2.0873
-2.0060
-0.1861
-0.1750
-4.9542
-4.8823
-5.3480
-5.2168
-0.1916
-0.1868
-0.1619
-0.1638
-0.1352
-0.1297
-0.2457
-0.2439
-0.2699
-0.2595
-0.5445
-0.5362
-0.5426
-0.5281
-0.3662
-0.3675
-1.0139
-1.0064
-0.9760
-0.9479
-0.6463
-0.6744
-0.4156
-0.4458
-0.3510
-0.3626
-0.7399
-0.7516
-0.3160
-0.3246
-0.6545
-0.6762
-0.6400
-0.6609
-2.5863
-2.5605
-1.9565
-1.9276
-3.0359
-2.9575
-2.4202
-2.3389
-3.9325
-3.7709
-2.9944
-2.9219
-2.3592
-2.2415
-2.4271
-2.3592
-1.8418
-1.8146
-1.4335
-1.3461
-3.0399
-2.9397
-2.5434
-2.4602
-2.8107
-2.7900
-3.3871
-3.3299
-2.1432
-2.0960
-3.0598
-2.9842
-2.4232
-2.3653
-2.2954
-2.2471
-0.5718
-0.5612
-1.2562
-1.2358
-2.4903
-2.4513
-2.1482
-2.1346
-2.3572
-2.3220
-1.5970
-1.5657
-3.9268
-3.9101
-2.4558
-2.4787
-1.9292
-1.8978
-3.1191
-3.0792
-3.3549
-3.2933
-3.5365
-3.4794
-0.1701
-0.1742
-0.2986
-0.2701
-0.1898
-0.1784
-0.1713
-0.1821
-0.2085
-0.2241
-0.1812
-0.1952
-0.1673
-0.1690
-0.1925
-0.2011
-0.2091
-0.2009
-0.1125
-0.1121
