-7.1324
-7.1398
-20.4834
-20.6302
-8.9421
-8.9630
-7.4487
-7.4479
-9.3560
-9.3324
-8.5710
-8.5997
-5.6598
-5.6598
-11.8106
-11.8572
-13.0069
-12.9835
-9.5442
-9.5627
-29.3252
-29.7971
-21.3029
-21.6110
-10.8275
-10.9366
-12.8440
-12.9562
-27.3399
-27.6288
-12.0874
-12.3376
-20.0834
-20.4830
-19.3485
-19.7578
-14.1799
-14.3730
-25.4573
-25.8720
-19.1662
-19.2457
-13.9489
-13.8923
-13.9837
-13.8778
-25.0026
-24.8998
-13.6341
-13.6899
-21.0036
-21.0986
-12.8605
-12.8705
-21.4722
-21.5407
-18.2632
-18.1925
-23.3955
-23.5072
-12.8799
-13.3600
-13.1302
-13.5098
-14.9966
-15.4467
-17.9159
-18.4098
-10.9823
-11.2628
-11.0465
-11.4025
-24.8565
-25.3787
-19.3843
-19.9225
-9.9089
-10.2356
-18.3052
-18.8385
-20.0000
-20.3626
-29.0063
-29.4834
-31.3657
-31.7960
-46.2834
-47.1053
-30.9125
-31.4786
-41.4054
-42.0891
-35.7991
-36.4688
-40.3190
-40.9100
-32.4388
-32.8303
-29.1102
-29.4987
-12.5013
-12.5174
-22.9267
-22.8643
-13.2363
-13.1853
-18.3157
-18.2524
-20.7767
-20.5796
-14.5025
-14.3982
-24.1262
-24.0296
-19.7895
-19.5634
-26.7221
-26.6003
-17.0676
-16.9151
-13.6198
-13.6334
-8.4523
-8.4729
-19.0526
-19.0400
-19.5409
-19.6004
-21.9787
-21.8893
-17.0473
-17.0442
-19.8790
-19.7351
-22.4827
-22.2348
-13.7249
-13.5525
-19.2673
-19.1687
-11.5855
-11.3254
-19.8099
-19.4388
-7.8219
-7.5953
-12.0620
-11.8213
-9.1015
-8.8671
-18.2457
-17.9830
-17.1088
-16.7661
-16.9237
-16.6268
-21.9838
-21.5992
-30.5489
-29.9931
-19.7389
-19.7674
-18.1447
-18.0763
-18.9034
-18.8878
-23.6068
-23.6022
-9.0921
-8.9653
-10.1540
-10.0458
-9.6925
-9.5630
-14.3933
-14.3294
-15.9073
-15.6992
-15.2036
-15.2283
-18.5541
-18.6647
-24.1478
-24.3870
-14.1051
-14.1973
-16.9898
-17.0659
-18.1833
-18.3252
-30.1878
-30.3401
-25.4510
-25.5834
-17.8621
-17.9609
-12.8538
-12.9125
-16.9013
-16.9886
-15.1978
-15.1668
-13.2033
-13.1654
-17.0274
-16.9366
-14.9459
-15.0032
-17.1206
-17.1720
-12.4064
-12.4119
-13.0801
-13.0771
-17.9879
-17.9863
-8.4053
-8.3829
-15.2332
-15.1862
-21.5390
-21.0878
-26.9997
-26.4635
-25.9843
-25.4887
-19.4942
-19.1796
-26.8919
-26.4298
-25.3848
-24.8826
-23.0591
-22.5739
-14.4688
-14.2013
-10.7153
-10.4321
-18.0405
-17.7653
-12.1835
-11.8411
-8.1945
-7.8700
-9.1389
-8.7751
-6.2073
-5.9000
-11.1696
-10.7929
-7.1279
-6.8502
-8.9611
-8.6363
-11.4205
-11.0377
-11.2965
-11.0631
-9.3636
-9.1082
-22.3879
-21.4881
-23.4590
-22.7126
-9.5796
-9.1474
-5.7248
-5.4107
-10.4254
-9.9849
-12.3163
-11.8366
-15.9287
-15.3063
-13.6821
-13.1123
-14.5538
-13.9183
-8.7491
-8.3248
-12.1639
-12.2372
-10.4287
-10.7044
-24.9490
-25.1950
-9.2775
-9.4762
-16.6231
-16.9138
-17.2457
-17.5540
-16.9082
-17.2754
-9.7908
-9.9707
-15.1063
-15.3776
-17.0834
-17.4967
-18.2514
-18.0742
-18.0076
-17.8989
-17.5854
-17.5076
-15.2937
-15.1688
-14.3912
-14.3496
-14.2869
-14.2115
-11.0545
-10.9565
-12.0703
-11.8548
-19.8180
-19.6780
-17.6684
-17.5218
-18.6401
-18.7518
-15.6014
-15.6543
-18.4618
-18.4376
-9.9373
-9.9473
-10.9252
-10.9928
-12.4385
-12.4590
-12.7362
-12.7849
-11.8426
-11.8512
-17.9197
-17.9672
-16.9264
-17.0141
-13.4387
-13.0040
-20.2870
-19.7325
-16.1939
-15.7130
-14.4393
-13.9601
-9.0546
-8.7239
-9.9300
-9.5059
-11.4735
-11.0166
-14.6004
-14.0901
-13.2464
-12.7251
-15.3528
-14.7587
-14.1431
-13.5898
-22.5858
-21.8401
-16.5493
-15.9852
-24.3268
-23.6352
-14.1457
-13.7144
-22.1083
-21.5057
-10.2373
-9.8172
-14.7601
-14.2460
-19.3197
-18.6659
-16.2278
-15.6706
-1.7071
-1.6892
-10.3261
-10.3059
-11.7897
-11.7168
-1.7623
-1.7368
-1.3430
-1.3298
-1.1860
-1.1671
-1.6483
-1.6254
-2.6014
-2.6052
-4.1097
-4.0828
-4.6516
-4.5931
-5.7345
-5.4944
-14.0172
-13.6472
-12.0685
-11.7192
-12.0071
-11.6200
-7.9543
-7.6748
-5.7999
-5.5296
-11.6322
-11.2232
-4.9504
-4.7478
-10.6390
-10.2792
-9.9871
-9.6514
-23.9572
-24.0905
-19.1841
-19.2148
-25.8077
-25.8589
-23.2542
-23.2332
-20.9581
-20.7885
-22.8693
-22.8329
-19.4014
-19.2838
-21.9734
-21.9237
-17.2984
-17.2876
-15.6263
-15.5254
-22.9572
-22.9313
-23.7858
-23.7860
-21.2600
-21.3314
-21.5148
-21.5018
-21.6951
-21.7017
-28.1770
-28.2273
-25.4835
-25.5492
-18.6194
-18.5997
-7.7148
-7.7131
-16.0669
-16.1467
-25.1318
-25.2142
-23.7053
-23.8480
-24.3235
-24.4175
-17.6838
-17.7414
-31.5722
-31.6656
-20.9305
-21.0300
-23.3140
-23.3209
-28.1036
-28.2068
-25.0836
-24.9958
-27.6394
-27.6188
-3.7487
-3.3173
-5.2471
-4.8110
-3.5711
-3.1912
-3.9220
-3.4967
-4.9316
-4.4308
-4.2975
-3.8598
-3.6979
-3.3024
-4.3698
-3.9242
-4.2703
-3.8619
-2.5463
-2.2551
