0.5582
0.8772
-2.9453
-2.3737
0.7664
1.3093
0.8169
1.2647
0.7502
1.3318
0.9485
1.5134
1.1711
1.5430
0.0799
0.6654
0.1018
0.9041
0.2260
0.5662
-25.2837
-27.0052
-10.7553
-10.7549
-4.3910
-4.7953
-1.5832
-1.4092
-25.2684
-27.3506
-3.6760
-3.9545
-10.6140
-11.0603
-13.8260
-14.9289
-9.3246
-10.3072
-28.2355
-31.2779
-15.6241
-18.4092
-13.4485
-15.6633
-26.7633
-31.6198
-32.1978
-35.7342
-3.8488
-4.6599
-14.2062
-16.0289
-4.5704
-5.7043
-11.1817
-12.9807
-5.9556
-6.2248
-13.2646
-14.8213
254.5877
254.7059
272.3155
274.4403
276.5431
279.0992
277.0803
278.6845
276.6922
279.3832
259.9917
262.2206
297.0451
300.0727
283.4311
285.7324
267.2074
269.2923
277.5870
278.8105
-18.3941
-20.1053
-26.9983
-29.5297
-18.0977
-19.3816
-45.2746
-49.3799
-18.0185
-19.3643
-34.6332
-37.9616
-27.0026
-29.2174
-25.9199
-28.0335
-14.6347
-15.4437
-8.6124
-8.6893
-3.0236
-3.6342
-16.5703
-19.0862
-9.0744
-11.1155
-11.5991
-14.0969
-15.8128
-18.2183
-12.3212
-14.7789
-11.5013
-12.4690
-21.2003
-25.0070
-25.3663
-28.5417
-18.3813
-21.5526
-8.4067
-10.9091
-3.1663
-4.2049
-13.8259
-16.9154
-13.0041
-15.9771
-17.6431
-21.0324
-9.0238
-11.1516
-18.0632
-20.9296
-21.0919
-23.7281
-6.0217
-6.8582
-14.8383
-17.2777
-289.5812
-292.0121
-326.7493
-329.2735
-292.1767
-296.0475
-310.7848
-314.9843
-294.9540
-298.5891
-314.9512
-317.2028
-315.9949
-319.0852
-332.1774
-336.4975
-320.0968
-321.8725
-445.7779
-451.0015
-23.0272
-27.4511
-16.6900
-20.3773
-20.1377
-24.0259
-22.1515
-25.4601
-12.6020
-17.1100
-6.1811
-8.5750
-8.3528
-11.2639
-10.4691
-12.6008
-29.0735
-36.4323
-13.6234
-16.5047
-3.0858
-2.0519
-4.0697
-2.6894
1.4930
2.3617
-2.4102
-1.8401
-0.5931
0.4016
-13.8336
-12.5871
-9.2512
-8.8183
-1.0065
0.0591
1.2873
2.1516
-0.4829
0.4384
-7.5425
-8.1963
-4.8717
-5.2781
-10.2413
-11.1497
-4.8552
-5.4619
-6.6144
-6.8103
-6.8238
-7.9430
-4.0861
-4.7695
-15.9711
-17.9587
-2.5428
-2.7576
-6.6994
-7.1712
-426.7410
-436.4414
-446.0225
-455.0845
-482.9197
-496.9250
-397.6982
-405.1985
-448.5043
-458.0016
-421.1754
-427.8321
-424.4628
-430.9817
-351.3986
-356.4834
-307.1036
-308.2853
-359.3457
-362.8016
37.3899
44.1226
25.2867
28.3390
21.9535
23.5661
16.7959
18.2295
19.0987
22.0784
13.8151
15.2236
27.2675
31.3723
13.0665
15.1724
41.7648
49.3499
44.2163
51.4339
-134.4544
-148.7341
-125.6267
-138.5256
-14.0886
-16.9458
-28.0426
-32.7583
-11.5754
-13.5724
-0.9592
-1.7313
-36.2196
-41.1388
-44.6141
-49.1926
-38.5857
-44.2593
-14.0314
-16.5835
16.3813
20.6674
-31.9544
-36.4145
-4.8682
-2.5960
-3.9445
-4.7181
-11.1112
-11.0783
-13.5819
-14.7692
-28.8785
-32.7394
-6.9751
-6.8986
-20.6465
-22.8635
-31.7677
-35.7597
-17.3943
-20.2299
-19.4367
-24.0948
-18.5811
-23.3051
-11.9800
-14.6905
-14.7609
-18.7426
-12.5952
-15.6432
-9.1335
-11.3167
-6.1384
-6.9599
-16.6844
-20.1666
-18.6076
-23.3122
11.7064
14.9775
2.4104
3.3010
11.9569
15.7081
9.2578
11.0370
4.4984
5.5174
14.3009
17.9072
6.1171
8.0555
14.2795
17.2347
9.5210
11.8486
0.5987
1.6318
3.0182
3.1705
-12.6760
-14.4183
-6.0529
-7.1933
-5.4808
-6.6959
-5.8761
-7.5927
-8.8951
-10.9762
-10.0774
-12.2071
-13.3465
-15.4694
-18.3738
-21.1397
-31.0057
-35.7244
-45.1620
-51.6995
-84.9683
-93.1281
-46.8958
-52.9726
-46.3480
-52.9141
-9.3859
-12.4719
-70.5251
-78.1346
-33.8506
-39.2824
-35.9244
-41.6951
-56.9374
-64.1306
-49.5371
-55.6157
-7.1016
-9.3843
-44.4857
-54.6510
-42.8594
-52.6015
-7.0378
-9.2640
-9.3977
-12.4043
-8.1572
-10.7575
-6.7573
-9.0008
-11.3526
-15.1490
-12.9232
-17.1574
-13.2748
-17.0773
12.1530
13.2508
9.1483
10.0245
13.4759
15.9839
18.6218
21.8498
18.9589
21.8630
16.0620
18.3781
10.2916
11.9421
11.3480
12.8328
13.2254
15.0845
10.0083
10.9049
-14.7085
-15.9124
-5.4578
-5.3317
-16.1198
-17.5363
-10.4880
-10.9499
-9.2439
-9.1910
-11.9495
-12.5133
-5.4942
-5.7531
-6.6948
-5.8016
-4.1662
-3.9133
-1.2590
-0.7481
-13.7643
-15.4507
-12.1099
-13.8340
-11.3838
-12.3600
-14.8453
-16.2260
-10.2170
-11.2214
-14.6267
-15.9628
-12.5677
-14.1121
-12.1500
-13.2031
-3.8167
-4.6326
-7.7461
-9.0020
-6.5711
-5.7974
-9.0627
-9.3731
-7.6705
-7.5860
-2.0624
-1.3100
-13.9199
-13.3159
-6.6478
-6.7013
-7.6188
-8.0967
-12.2413
-12.7862
-12.5230
-12.9330
-12.0330
-11.9565
308.2937
314.7973
327.5950
337.3511
290.9371
295.8330
300.7671
306.0581
317.2660
324.3106
313.5866
320.9042
313.4501
321.8090
307.6435
314.4382
314.6728
322.8429
289.3885
295.6769
