2.4005
2.7259
11.9456
12.6185
4.3077
4.8669
2.8657
3.3259
5.3934
5.9865
5.0321
5.6195
2.5963
2.9758
5.9729
6.5849
11.4643
12.2714
4.6165
4.9690
15.5514
14.6410
18.9637
19.4328
1.6129
1.2814
8.1871
8.4774
15.5938
14.1768
4.8184
4.6600
8.7320
8.6498
4.6117
3.7871
1.1489
0.3656
1.2587
-1.0099
6.5887
4.1152
-2.4466
-4.5458
-6.7080
-11.4417
14.4741
11.2706
3.5567
2.8120
8.9548
7.3864
1.4990
0.3978
6.1088
4.5032
12.8400
12.6596
12.9413
11.6483
262.0209
262.7434
281.6812
284.4499
287.4630
290.7150
294.0193
296.6158
285.4490
288.6111
264.8124
267.3827
329.9966
334.7948
304.9499
308.7241
271.1806
273.5883
300.7683
303.5388
-6.4422
-7.8917
8.0979
6.2142
14.8730
14.3216
11.6736
8.7250
6.5297
5.7128
10.2563
7.9910
4.2286
2.6888
20.4744
19.3833
15.6627
15.4774
16.9372
17.3861
3.4510
2.8938
10.6212
8.3039
-0.1872
-2.2127
3.2569
0.8200
8.7859
6.3568
-0.8888
-3.3170
14.4963
13.5691
2.7636
-1.0192
17.6492
14.5434
3.2798
0.1029
-3.6476
-6.1204
-0.5177
-1.5418
3.6810
0.7429
1.6184
-1.2347
7.2461
3.9375
3.1658
1.1233
5.9695
3.1641
10.7421
8.1484
3.0821
2.2145
7.5939
5.2603
-285.0173
-287.9553
-301.9328
-306.5083
-288.7701
-293.0600
-301.2196
-306.4840
-290.0225
-294.2541
-298.7825
-302.3810
-303.5166
-307.7077
-311.0827
-316.9459
-298.1552
-301.3068
-317.1770
-330.1158
7.1078
2.6459
5.0195
1.1566
2.3695
-1.5470
12.0641
8.5734
-5.2592
-9.8487
0.0730
-2.4186
-1.8118
-4.8311
3.6533
1.4420
-2.4063
-10.0894
0.1104
-2.7847
17.7846
18.8974
22.4083
23.9312
7.7680
8.6709
11.9524
12.6045
12.8943
13.9303
37.6640
39.0749
20.9524
21.5106
14.6101
15.7567
7.6335
8.5142
12.0967
13.0494
2.5556
1.8420
2.6816
2.2510
6.5661
5.5044
2.1711
1.5807
6.4957
6.2605
-0.6073
-1.7535
1.6033
0.9382
3.8237
1.7166
-0.3741
-0.5999
2.7710
2.2608
-316.0472
-330.2172
-341.3721
-354.9919
-366.1148
-384.6122
-328.1530
-338.5906
-305.4679
-320.2637
-330.5123
-342.0454
-325.6272
-337.3724
-301.0323
-308.4143
-284.2910
-287.2909
-289.7656
-295.9854
48.3124
54.2831
29.1438
31.9238
27.0421
28.3202
19.4327
20.5499
26.6129
28.9025
17.8108
18.8498
34.2619
37.7103
22.3569
23.5979
60.1228
66.6767
51.1548
57.9834
-34.0007
-52.6887
-18.7338
-35.6928
-9.2906
-12.4092
-25.7274
-30.6887
-5.5501
-8.0740
6.3129
5.0988
-16.7288
-23.0298
-27.6915
-33.3777
-20.6121
-27.5318
-9.1639
-11.9225
26.0513
30.4312
-28.6873
-33.1200
40.7329
43.4900
-1.4934
-2.2143
5.9210
6.2369
-3.4517
-4.4894
-19.9084
-23.6092
-4.1813
-4.0616
-12.4067
-14.4645
-11.5510
-15.3057
8.1558
5.3269
-5.3407
-10.0270
-8.3461
-13.0448
0.2858
-2.4056
-5.9717
-9.9580
-0.5625
-3.6009
-2.5393
-4.7188
4.6384
3.8053
-1.3445
-4.8572
-8.0038
-12.7251
33.8086
37.4655
15.7507
16.8999
37.3200
41.2384
13.1104
14.9325
9.2838
10.3789
22.0447
25.7753
16.1239
18.1591
22.3573
25.3962
26.9189
29.5876
20.2278
21.4654
9.3444
9.0738
4.6115
2.0491
4.4082
3.0058
1.9276
0.4285
-3.5229
-5.3142
-5.5381
-7.8317
-5.4320
-7.7693
-3.9003
-6.3919
-8.1821
-11.3944
-16.7532
-22.1177
-33.4903
-40.6924
-43.9197
-54.1703
-29.0451
-35.7407
-17.9934
-26.1575
-2.8207
-6.2159
-26.0032
-35.5356
-28.4378
-34.2622
-25.9382
-32.2886
-35.0532
-43.5991
-30.6666
-37.2681
-6.8761
-9.1532
-15.0940
-25.3319
-14.3020
-23.9925
-6.8895
-9.1128
-9.3225
-12.3269
-8.0937
-10.6921
-6.6517
-8.8927
-10.6933
-14.4753
-12.1603
-16.3855
-11.7902
-15.5968
13.0082
14.0522
17.4527
18.0091
22.9528
24.6952
24.4458
27.2892
21.1847
23.9070
17.3773
19.5439
16.2280
17.6576
12.1351
13.6042
18.6972
20.4225
14.1437
14.9517
13.8690
12.8930
12.8837
13.0719
12.6334
11.3156
13.0184
12.6029
18.7117
18.6379
14.9968
14.4887
10.7170
10.4681
24.2863
25.2393
10.2698
10.5468
9.2865
9.7793
8.1304
6.6016
6.9804
5.3931
12.7696
11.9751
14.2691
13.0775
10.2710
9.3979
14.5921
13.4920
8.0606
6.7015
10.1989
9.2684
-2.1003
-2.9018
0.2408
-0.9467
15.3909
16.2685
8.4248
8.2044
9.8822
10.0589
8.9198
9.7026
25.3095
26.1372
10.2032
10.2158
10.0477
9.6992
11.9739
11.5616
16.6415
16.3723
18.0556
18.2101
308.7450
315.2606
330.1512
339.7555
291.5443
296.4216
301.3135
306.6012
318.2796
325.2881
314.5868
321.8690
314.1841
322.5314
308.6797
315.4191
316.1665
324.2598
289.6453
295.9349
