1.8423
1.8487
14.8909
14.9923
3.5413
3.5576
2.0488
2.0612
4.6432
4.6547
4.0836
4.1061
1.4252
1.4328
5.8930
5.9194
11.3626
11.3673
4.3905
4.4028
40.8351
41.6462
29.7191
30.1876
6.0039
6.0767
9.7703
9.8866
40.8623
41.5274
8.4943
8.6145
19.3460
19.7101
18.4376
18.7161
10.4736
10.6728
29.4942
30.2680
22.2129
22.5244
11.0019
11.1174
20.0553
20.1781
46.6719
47.0048
7.4055
7.4719
23.1610
23.4153
6.0694
6.1022
17.2905
17.4839
18.7956
18.8844
26.2058
26.4695
7.4331
8.0376
9.3657
10.0096
10.9198
11.6158
16.9391
17.9313
8.7568
9.2279
4.8207
5.1622
32.9514
34.7221
21.5188
22.9917
3.9732
4.2960
23.1814
24.7283
11.9520
12.2136
35.0962
35.7439
32.9708
33.7032
56.9482
58.1049
24.5481
25.0771
44.8895
45.9526
31.2311
31.9062
46.3943
47.4167
30.2974
30.9211
25.5496
26.0754
6.4746
6.5280
27.1915
27.3901
8.8872
8.9028
14.8560
14.9169
24.5987
24.5750
11.4324
11.4619
25.9976
26.0381
23.9639
23.9877
43.0155
43.0850
21.6610
21.6555
4.7591
4.7887
2.6485
2.6631
17.5069
17.6583
14.6225
14.7424
24.8891
24.9699
12.1896
12.2748
24.0327
24.0937
31.8340
31.8765
9.1038
9.0727
22.4322
22.5380
4.5638
4.0568
24.8165
22.7653
3.4066
2.9876
9.5652
8.5002
4.9315
4.3350
16.1687
14.8218
12.4783
11.3775
21.0947
19.5516
21.9415
20.5657
128.6009
120.8857
30.1350
30.0970
21.7094
21.5338
22.5072
22.4789
34.2156
34.0335
7.3428
7.2614
6.2541
6.1564
6.5409
6.4328
14.1224
14.0428
26.6671
26.3430
13.7338
13.7200
20.8703
20.9493
26.4781
26.6207
6.2750
6.3092
14.3627
14.4446
13.4875
13.5287
51.4976
51.6620
30.2035
30.3289
15.6166
15.6975
6.3461
6.3626
12.5796
12.6110
10.0981
10.0382
7.5533
7.5291
16.8074
16.6541
7.0262
7.0426
13.1101
13.0707
6.2165
6.1895
5.6894
5.7077
19.7949
19.6753
2.1687
2.1577
9.4704
9.4320
110.6939
106.2242
104.6504
100.0926
116.8049
112.3128
69.5452
66.6079
143.0364
137.7379
90.6631
85.7867
98.8356
93.6093
50.3664
48.0690
22.8126
20.9944
69.5802
66.8162
10.9225
10.1606
3.8571
3.5848
5.0886
4.7542
2.6368
2.3204
7.5142
6.8241
3.9957
3.6262
6.9943
6.3381
9.2903
8.4255
18.3580
17.3267
6.9384
6.5495
100.4537
96.0453
106.8929
102.8328
4.7980
4.5366
2.3152
2.0696
6.0253
5.4984
7.2721
6.8301
19.4908
18.1090
16.9226
15.8149
17.9736
16.7275
4.8674
4.6610
9.6700
9.7639
3.2671
3.2945
45.6011
46.0860
2.4511
2.5038
17.0322
17.3152
10.1302
10.2797
8.9701
9.1303
2.7937
2.8370
8.2398
8.3990
20.2167
20.4540
25.5500
25.5568
14.0960
14.0678
10.2350
10.2603
12.2658
12.2849
8.7892
8.7846
12.0327
12.0424
6.5942
6.5979
10.7768
10.7651
15.3399
15.3094
10.6038
10.5871
22.1022
22.4880
13.3402
13.5990
25.3631
25.5302
3.8526
3.8955
4.7854
4.8615
7.7438
7.8681
10.0068
10.1036
8.0778
8.1615
17.3979
17.7390
19.6291
19.8336
6.3263
5.9033
17.2875
16.4674
10.4611
10.1991
7.4084
7.1244
2.3532
2.2785
3.3570
3.1445
4.6454
4.4378
9.4462
9.0775
10.1917
9.7453
14.2525
13.6067
11.6717
11.0071
41.0486
38.9578
17.8507
17.2319
28.3546
26.7566
6.5652
6.2560
44.5219
42.5990
5.4127
5.0202
9.9862
9.4065
21.8841
20.5315
18.8705
18.3476
0.2255
0.2311
29.3917
29.3190
28.5574
28.6090
0.1482
0.1512
0.0751
0.0774
0.0635
0.0654
0.1056
0.1080
0.6593
0.6738
0.7629
0.7718
1.4845
1.4805
0.8552
0.8014
8.3044
7.9845
9.4768
8.7113
5.8240
5.4394
2.2257
2.0440
1.3153
1.1658
5.9365
5.7155
0.7871
0.7714
5.4719
5.3380
4.1354
4.0468
28.5774
28.8054
18.3415
18.4036
28.7532
28.8519
23.5065
23.5528
27.9556
27.8290
26.9463
27.0020
16.2112
16.2212
30.9811
31.0409
14.4360
14.4601
10.5455
10.5274
21.8947
22.0524
19.0902
19.2271
24.1534
24.3350
29.1144
29.3036
20.4880
20.6193
29.2188
29.4548
20.6283
20.8137
22.3489
22.4715
1.7164
1.7308
7.9869
8.0553
21.9620
22.0659
17.4875
17.5775
17.5527
17.6450
10.9821
11.0126
39.2294
39.4531
16.8510
16.9171
17.6665
17.7959
24.2152
24.3478
29.1646
29.3053
30.0887
30.1666
0.4514
0.4633
2.5563
2.4044
0.6072
0.5887
0.5464
0.5431
1.0136
0.9775
1.0002
0.9648
0.7340
0.7224
1.0363
0.9809
1.4937
1.4169
0.2568
0.2581
