-0.1299
-0.1014
-0.6064
-0.5009
-0.1733
-0.1531
-0.1205
-0.1075
-0.2819
-0.1801
-0.1686
-0.1417
-0.1058
-0.0769
-0.2648
-0.2299
-0.4946
-0.2858
-0.1948
-0.1658
-2.0164
-0.9769
-2.1644
-0.8430
-1.0034
-0.2529
-1.1349
-0.3756
-2.8266
-1.0596
-0.5685
-0.2847
-1.2611
-0.5154
-0.9172
-0.4893
-1.0472
-0.3057
-1.8007
-0.7096
-1.6445
-0.7404
-1.1976
-0.4286
-2.9735
-1.2469
-4.0402
-2.1893
-0.4833
-0.2597
-1.2315
-0.7251
-0.6145
-0.2670
-0.8712
-0.5263
-1.0392
-0.5066
-1.2550
-0.8230
-1.4559
-0.2280
-3.0805
-0.2925
-3.2340
-0.4656
-4.1444
-0.6681
-2.5468
-0.3169
-1.8284
-0.2091
-6.8634
-1.0084
-3.6112
-0.5768
-0.8639
-0.1820
-3.4707
-0.6602
-0.8421
-0.5374
-2.3228
-1.2754
-2.0934
-1.1739
-3.2849
-1.8148
-1.4305
-0.8594
-2.7760
-1.4334
-1.9516
-1.0618
-3.2821
-1.4361
-2.7118
-1.0310
-2.0286
-0.9414
-0.2709
-0.2020
-0.9890
-0.6357
-0.5192
-0.2671
-1.0512
-0.4728
-1.9559
-0.7752
-1.1703
-0.4546
-1.2466
-0.7708
-2.3531
-0.9286
-2.8494
-1.5625
-2.1112
-0.9569
-0.2641
-0.2757
-0.1312
-0.1277
-0.6843
-0.4779
-0.5558
-0.4778
-1.2313
-0.6751
-0.4590
-0.3499
-1.2714
-0.6416
-2.7381
-1.3185
-1.5550
-0.4188
-0.8774
-0.5538
-0.3520
-0.1937
-2.0852
-0.7363
-0.2505
-0.1154
-1.2279
-0.2554
-0.3954
-0.1375
-1.5339
-0.4549
-1.1475
-0.3946
-1.5814
-0.5806
-1.6504
-0.6334
-17.8920
-7.4319
-2.1074
-0.8521
-1.3936
-0.5999
-1.5146
-0.5906
-1.9640
-0.9004
-0.6799
-0.1992
-0.5932
-0.2026
-0.5887
-0.2163
-0.7669
-0.3110
-3.1439
-1.0604
-1.0519
-0.3593
-0.8645
-0.5775
-1.4256
-0.7752
-0.4560
-0.2646
-0.7092
-0.4089
-0.7555
-0.4197
-2.2228
-1.7283
-1.5002
-1.0379
-0.7747
-0.4250
-0.3480
-0.2549
-0.6394
-0.3913
-1.5009
-0.6133
-0.8376
-0.3731
-1.5481
-0.8265
-0.7779
-0.2833
-1.1510
-0.4188
-0.5747
-0.2420
-0.3692
-0.2191
-1.6466
-0.9196
-0.2004
-0.1300
-0.8271
-0.3801
-18.4960
-8.3011
-15.0716
-6.4421
-18.7434
-7.8262
-10.1472
-4.0494
-26.2176
-12.4213
-13.6303
-5.3945
-14.2606
-5.4808
-7.7169
-2.8545
-3.0279
-0.6909
-10.1190
-4.0718
-3.1584
-0.2104
-0.8982
-0.1142
-1.0061
-0.1442
-0.4780
-0.0726
-1.8317
-0.1786
-0.8822
-0.0858
-1.7141
-0.1223
-2.2545
-0.1896
-4.3000
-0.5921
-1.9675
-0.1330
-12.3854
-6.5490
-12.0294
-6.0823
-0.2774
-0.1561
-0.1723
-0.0737
-0.8436
-0.1595
-0.5797
-0.2231
-1.9857
-0.5689
-0.8960
-0.4048
-1.5060
-0.4966
-0.2454
-0.1558
-1.0452
-0.2285
-0.3955
-0.1847
-3.4254
-1.7732
-0.2168
-0.1411
-1.1869
-0.4395
-0.8567
-0.3582
-0.7494
-0.3474
-0.2553
-0.1571
-0.8044
-0.3171
-2.1175
-0.8155
-1.0430
-0.6849
-0.6210
-0.4659
-0.5867
-0.3743
-0.7926
-0.3639
-0.4836
-0.3049
-0.6001
-0.3455
-0.3269
-0.1898
-1.0948
-0.3361
-0.7422
-0.5075
-0.8583
-0.4267
-2.3043
-0.5621
-1.6871
-0.3996
-2.9660
-0.6520
-0.7939
-0.1718
-0.6703
-0.1994
-1.1339
-0.2177
-0.8034
-0.2719
-1.1259
-0.2195
-2.0609
-0.4281
-1.2626
-0.4499
-1.0455
-0.2254
-1.4972
-0.5029
-0.5040
-0.3394
-0.6107
-0.2816
-0.1482
-0.1450
-0.2564
-0.1698
-0.3233
-0.2082
-0.5843
-0.3234
-0.6298
-0.2944
-1.0735
-0.4186
-0.7551
-0.3548
-2.7599
-1.1207
-0.7795
-0.5074
-1.9619
-0.8319
-0.8977
-0.2576
-3.5739
-1.4603
-0.4726
-0.1703
-0.6349
-0.3413
-1.4016
-0.5360
-0.7049
-0.5111
-0.0120
-0.0101
-3.4794
-1.4199
-3.2005
-1.3299
-0.0144
-0.0101
-0.0075
-0.0055
-0.0070
-0.0045
-0.0107
-0.0077
-0.0259
-0.0208
-0.0481
-0.0454
-0.0733
-0.0590
-0.0598
-0.0618
-1.1851
-0.2386
-2.3064
-0.2314
-1.0724
-0.2039
-0.5035
-0.1036
-0.0818
-0.0676
-0.5941
-0.1871
-0.0540
-0.0514
-0.2639
-0.1704
-0.2626
-0.1466
-1.0410
-0.9087
-0.9449
-0.6449
-1.4248
-0.9399
-1.4105
-0.7721
-3.3295
-1.6061
-1.4742
-0.9068
-1.7509
-0.6565
-1.5201
-0.8202
-0.7614
-0.4931
-1.1357
-0.3948
-1.4196
-0.7945
-1.1603
-0.6671
-0.8838
-0.7123
-1.1580
-0.8391
-0.8140
-0.6160
-1.4335
-0.9307
-1.0396
-0.7231
-0.7652
-0.5868
-0.1071
-0.1130
-0.3573
-0.3161
-1.0056
-0.6905
-1.0816
-0.6220
-0.8892
-0.6098
-0.5009
-0.4112
-1.4534
-1.0498
-0.7290
-0.5954
-0.6367
-0.5668
-1.0935
-0.7997
-1.0746
-0.7716
-1.4444
-1.0216
-0.0265
-0.0244
-1.0330
-0.0380
-0.0328
-0.0258
-0.0365
-0.0233
-0.1896
-0.0368
-0.2162
-0.0299
-0.0890
-0.0192
-0.1913
-0.0339
-0.4769
-0.0254
-0.0160
-0.0132
