-6.5366
-6.7034
-12.4873
-14.2122
-7.1460
-7.8550
-6.6471
-6.6498
-6.9520
-7.9599
-6.3717
-7.1885
-5.0281
-5.0413
-8.9895
-9.9504
-6.2323
-8.8816
-7.3021
-8.6769
-10.3674
-11.0169
-4.0501
-7.2774
-7.1887
-8.5201
-6.2806
-7.5915
-9.3912
-11.6551
-8.2408
-7.2362
-9.6716
-10.6432
-11.4724
-9.7260
-9.1936
-9.7265
-14.3836
-13.4053
-6.9080
-6.6504
-12.1108
-14.2102
-13.7943
-9.7212
-14.6333
-10.7348
-8.3974
-10.6452
-9.7120
-10.2727
-8.5373
-11.1508
-11.8557
-13.1436
-6.9587
-12.1104
-8.5480
-10.3190
-1.1753
-4.6692
7.9020
-5.8351
4.7352
-7.4998
5.1186
-8.6119
8.6044
-5.0614
1.9862
-7.0338
16.2444
-6.3059
7.2974
-5.4274
-2.9287
-5.9283
5.8136
-4.4467
-17.8726
-16.5418
-18.0227
-13.5181
-19.9440
-17.7619
-26.5043
-19.0421
-23.4859
-18.1234
-26.6882
-22.0547
-25.5189
-22.5887
-23.9521
-21.0018
-21.4793
-19.7807
-20.7195
-19.7475
-9.0076
-9.5747
-11.4113
-11.6800
-8.8630
-9.7338
-11.6564
-11.7955
-11.4003
-12.3561
-12.9360
-12.3452
-10.3892
-12.2815
-14.9852
-13.5505
-11.0535
-9.6197
-12.9430
-10.9543
-11.6825
-12.9901
-7.8672
-7.7948
-10.5478
-10.4787
-12.1563
-14.5397
-12.9183
-12.7445
-11.1476
-11.5085
-12.0620
-11.9985
-13.8181
-13.2331
-10.3472
-13.5425
-10.1760
-10.4411
-13.3671
-14.5483
-23.1749
-16.1359
-11.8943
-10.8974
-8.3202
-9.9319
-12.6812
-11.2944
-16.5970
-14.7435
-19.5301
-18.2777
-18.6339
-12.3345
-21.0718
-17.6702
-69.6634
-26.3724
-8.2925
-7.0223
-6.1258
-8.0474
-10.8237
-10.9981
-7.3053
-10.4319
-6.0361
-8.4573
-5.8334
-9.3887
-5.4952
-8.2304
-8.7878
-9.1189
-12.7266
-10.5468
-8.8498
-10.1012
-5.7949
-8.4409
-5.9375
-10.1041
-8.6774
-11.5057
-7.8471
-10.3485
-8.1125
-11.8382
-0.9718
-5.1644
-7.8289
-10.4458
-6.8515
-10.0609
-8.0339
-10.4272
-7.8779
-11.3050
-12.2796
-14.7302
-10.2294
-11.8076
-10.3711
-11.3099
-8.3218
-12.8351
-7.8591
-11.6420
-7.9134
-11.4671
-8.3257
-9.7097
-9.9569
-12.6507
-5.9795
-8.0084
-10.4442
-11.6838
-56.3463
-15.8751
-63.7931
-24.0186
-80.4005
-33.4485
-46.9418
-20.1065
-74.5611
-28.1307
-59.8463
-23.2282
-59.7228
-21.1659
-39.5531
-15.3972
-28.2677
-14.6840
-47.5633
-20.8670
13.8884
-6.2359
2.6264
-7.2160
1.1186
-7.9624
0.6315
-5.3620
4.9917
-9.3950
3.6102
-5.3910
7.5001
-5.7776
5.7518
-8.3759
21.6305
3.5141
10.7931
-5.4295
-24.3862
-7.7707
-13.1444
1.7387
-5.8486
-8.6615
-4.7521
-5.3736
-2.6835
-7.7640
-4.1523
-10.0947
-4.7334
-6.1341
-10.9434
-8.0916
-5.9906
-6.1963
-6.3420
-7.6463
-3.2982
-7.9682
-9.0585
-10.4638
-0.2888
-3.9892
-8.4392
-9.0358
-5.7940
-8.9810
-12.8192
-13.9782
-13.9457
-15.1945
-8.9695
-9.4587
-13.3425
-13.5280
-10.4075
-8.3795
-3.6179
-4.9139
-11.5113
-12.0958
-12.2593
-15.9337
-8.8369
-12.1389
-10.3566
-11.6810
-7.2010
-10.4204
-7.2869
-8.2610
-4.4510
-8.2004
-12.7086
-14.7323
-13.1472
-14.5131
-1.4436
-7.7652
-5.0324
-8.8229
3.4558
-5.9415
-5.7706
-8.5047
-7.1293
-8.3293
-5.7465
-7.4250
-6.2404
-6.4693
-3.8399
-7.3681
-3.1649
-8.8646
-4.5450
-6.2642
-4.5105
-10.7342
-9.6822
-13.9870
-8.8493
-12.6532
-7.5811
-12.4726
-7.5831
-7.9057
-7.2826
-9.2909
-8.3279
-10.4839
-9.9386
-11.7639
-7.6837
-9.8415
-9.7800
-10.4589
-10.2477
-12.5522
-21.4424
-12.2318
-10.4406
-11.6598
-9.3960
-12.2442
-5.1415
-12.4165
-6.6419
-4.4987
-6.4271
-9.7532
-10.1425
-13.1889
-11.6723
-12.8200
-9.4684
-10.8109
-1.8412
-1.6766
-16.8928
-8.7202
-17.8363
-11.1005
-1.9746
-1.7974
-1.5856
-1.4461
-1.4075
-1.2393
-1.9262
-1.7519
-2.5038
-2.5736
-4.4372
-4.3569
-4.9450
-4.5752
-5.1138
-4.7852
-2.3215
-10.5713
4.0447
-6.1603
-0.5199
-9.5544
-0.5946
-6.0398
-3.2149
-4.4512
-3.4962
-9.5678
-4.3859
-4.0656
-5.0519
-8.3766
-5.0075
-8.2795
-8.8895
-8.3379
-9.0525
-10.2856
-12.5350
-13.4075
-11.8503
-13.3593
-8.7547
-10.7810
-10.9533
-11.9405
-12.9693
-15.2164
-3.0184
-5.5343
-9.7630
-12.9922
-9.3362
-11.5611
-16.0785
-16.9473
-16.1819
-17.4236
-9.2028
-11.4290
-8.7907
-10.0138
-11.3397
-13.7590
-14.2841
-15.6192
-16.3746
-18.3281
-8.2194
-8.2830
-7.2504
-7.4247
-12.3005
-13.0416
-12.6545
-17.8524
-14.0583
-19.2126
-15.0140
-19.8855
-11.2222
-14.4017
-11.5344
-15.7500
-12.1912
-14.8519
-14.3271
-16.3921
-16.5073
-19.9922
-12.0631
-12.5806
-13.1981
-16.9435
1.2157
1.6487
14.3032
1.6928
1.2560
1.4886
1.8499
1.3972
4.9671
1.0788
6.1339
1.5425
4.4423
2.0781
5.1177
1.2685
9.6545
1.7025
1.5738
2.2759
