-0.5216
-2.1699
-0.6519
-0.5029
-0.8018
-0.7389
-0.4001
-0.9685
-1.8379
-0.7164
-3.9543
-2.8950
-1.2377
-1.4824
-4.3527
-1.3559
-2.1995
-2.1367
-1.5468
-2.7198
-1.2866
-1.4753
-1.7777
-2.3124
-1.4814
-1.1781
-3.1440
-2.1236
-1.0143
-2.3758
-2.4164
-5.6575
-4.9479
-6.5138
-3.7863
-5.1937
-3.9291
-5.6851
-4.1278
-3.8276
-0.9822
-2.9613
-1.4111
-1.9352
-3.7360
-2.0002
-2.6473
-3.2004
-5.4825
-3.3434
-1.0557
-0.7843
-1.8915
-1.8657
-3.2991
-1.6024
-3.1587
-4.8483
-1.7323
-2.4481
-3.2282
-2.2418
-2.7396
-3.6418
-1.2088
-1.1301
-1.3098
-1.9431
-4.4883
-1.7181
-2.5027
-2.7174
-1.0681
-1.8775
-1.5565
-5.3355
-2.9481
-1.8168
-0.9318
-1.4391
-2.2997
-1.2738
-2.2396
-1.1676
-1.6986
-1.0730
-0.9313
-2.7122
-0.6502
-1.5202
-0.9205
-0.5668
-0.6747
-0.4962
-0.9118
-0.5690
-0.7192
-0.9623
-1.2402
-0.6845
-20.4574
-16.4841
-0.9240
-0.6374
-0.8410
-1.0825
-1.7640
-1.8708
-1.7149
-1.0248
-1.2014
-1.0586
-4.9847
-0.9632
-2.2126
-1.5631
-1.5443
-1.1098
-1.7174
-2.7958
-2.6458
-1.6295
-1.4104
-1.8985
-1.3277
-2.0636
-1.2112
-1.5899
-1.8779
-1.8894
-2.0352
-1.9433
-2.7629
-0.9978
-1.1201
-1.3083
-1.4107
-1.4797
-1.9323
-2.1976
-1.0484
-2.3735
-1.5327
-1.2545
-0.5751
-0.7559
-0.9833
-1.6676
-1.7729
-2.3181
-1.7715
-5.6479
-2.3864
-2.8147
-0.9451
-4.6913
-1.0013
-1.4247
-2.5764
-2.3277
-0.1857
-4.6557
-5.1167
-0.1974
-0.1676
-0.1396
-0.2592
-0.2672
-0.5455
-0.5744
-0.3326
-1.1458
-1.2121
-0.6947
-0.4128
-0.3219
-0.8284
-0.2860
-0.6584
-0.6926
-2.6455
-1.9644
-3.0671
-2.4404
-3.8778
-2.9964
-2.3357
-2.4484
-1.8614
-1.4660
-3.0413
-2.5534
-2.8262
-3.3867
-2.1562
-3.1030
-2.4416
-2.3322
-0.5853
-1.2866
-2.5270
-2.1655
-2.3941
-1.6192
-3.9692
-2.4469
-1.9528
-3.1686
-3.3764
-3.5771
-0.2902
-0.3714
-0.2821
-0.2869
-0.3384
-0.2916
-0.2723
-0.2856
-0.2872
-0.1920
