-7.1636
-20.3276
-8.9462
-7.4818
-9.4360
-8.5928
-5.6943
-11.7912
-13.1113
-9.5503
-29.2266
-21.3025
-10.9105
-12.9655
-27.4070
-11.9995
-19.9628
-19.1968
-14.2926
-25.4122
-12.7943
-13.1823
-15.0380
-18.0055
-11.1004
-11.0682
-25.1663
-19.5158
-9.9697
-18.4063
-19.6674
-28.6253
-31.1857
-45.7934
-30.6163
-41.1567
-35.4700
-40.2197
-32.4578
-29.1000
-12.5678
-23.1088
-13.3630
-18.5631
-21.1940
-14.7995
-24.3623
-20.3224
-27.1186
-17.4281
-13.5751
-8.4164
-19.1422
-19.4334
-22.2458
-17.1208
-20.2371
-23.0223
-14.0538
-19.4960
-19.5175
-17.9858
-18.6501
-23.3553
-9.2385
-10.2577
-9.7749
-14.3505
-16.1119
-14.9502
-18.2510
-23.5694
-13.8341
-16.7097
-17.7977
-29.8107
-25.1070
-17.6071
-12.6121
-16.6407
-15.0736
-13.1432
-17.0434
-14.7548
-16.8809
-12.2901
-13.0402
-17.8089
-8.3140
-15.2015
-11.5706
-7.8914
-8.8934
-6.0511
-10.7291
-6.9129
-8.6157
-10.9767
-10.9781
-8.8790
-22.9484
-23.7782
-9.8465
-5.8863
-10.4318
-12.4233
-15.9501
-14.0768
-14.8106
-8.9382
-12.3474
-9.9617
-24.9631
-9.0664
-16.3803
-16.9665
-16.5044
-9.6006
-14.8786
-16.5065
-18.7562
-18.3130
-17.7501
-15.6727
-14.5507
-14.5078
-11.3990
-12.5590
-20.2498
-17.9803
-18.9516
-15.8427
-18.8573
-10.1851
-11.0598
-12.7369
-12.9401
-12.1423
-18.2420
-17.1650
-13.4867
-20.5250
-16.4209
-14.5643
-9.2448
-10.1229
-11.6460
-14.7625
-13.4930
-15.5896
-14.5723
-23.2418
-17.1071
-24.8601
-14.3007
-22.5186
-10.5426
-15.2323
-19.8374
-16.8567
-1.7150
-10.2397
-11.7881
-1.7835
-1.3368
-1.1942
-1.6721
-2.5296
-4.0600
-4.6879
-5.8855
-14.1746
-12.1170
-12.1436
-7.9375
-5.8601
-11.7707
-5.0841
-10.9203
-10.1460
-23.9477
-19.2449
-25.8562
-23.4775
-21.4413
-23.0706
-19.7448
-22.2472
-17.3631
-15.9974
-23.2024
-23.9448
-21.2356
-21.6544
-21.8507
-28.3216
-25.5850
-18.7995
-7.7833
-16.0436
-24.9039
-23.3760
-24.0358
-17.5018
-31.3230
-20.7119
-23.3317
-27.8168
-25.2621
-27.5826
-3.7250
-5.1272
-3.5827
-3.9371
-4.8822
-4.2316
-3.6269
-4.3515
-4.2148
-2.5391
