0.2176
-3.5741
0.2317
0.3487
0.1380
0.3729
0.7649
-0.4749
-0.7412
-0.1991
-22.7769
-10.4191
-3.7728
-1.6201
-22.9653
-3.3809
-9.7750
-12.3285
-8.0925
-24.2872
249.9822
264.8428
268.0686
268.9646
267.1993
253.3289
285.4992
273.8343
258.5625
268.4359
-17.1359
-25.3333
-18.6301
-40.7521
-17.9343
-31.8859
-24.8787
-25.6171
-15.9215
-10.9690
-2.4173
-14.0866
-6.9144
-9.2472
-13.5827
-9.9780
-10.4426
-17.8694
-22.4569
-15.5434
-6.3649
-2.3187
-11.1346
-10.3879
-14.7147
-7.2122
-15.5366
-19.1749
-5.0401
-12.6877
-18.3955
-12.6928
-15.9051
-18.5013
-7.8275
-3.7383
-5.3531
-8.5718
-21.8790
-10.6754
-4.2514
-5.5972
0.2997
-3.4491
-1.9091
-15.1282
-9.8842
-2.3553
-0.0092
-1.6215
-6.7098
-4.6713
-9.5838
-3.8876
-5.7377
-5.3417
-3.2346
-13.8212
-2.0048
-6.1512
30.1512
21.4673
19.5186
14.6998
15.9612
12.5743
22.5174
11.0019
33.8626
36.0117
-114.6443
-107.9596
-10.4644
-21.7813
-8.4324
0.2355
-28.2604
-37.9676
-30.5347
-10.6741
11.0947
-25.7278
-8.7760
-3.6827
-10.4293
-12.0220
-23.2788
-6.5613
-17.3275
-26.7162
-14.1771
-13.7785
-12.6920
-9.1460
-9.7829
-8.9616
-6.5755
-5.3062
-12.4676
-12.8476
7.6011
1.4634
7.2526
7.4564
3.8148
10.1201
4.0538
10.9695
6.4794
-0.4781
2.8747
-11.1979
-5.3965
-4.1119
-4.5541
-7.1288
-8.2165
-11.5271
-15.2377
-25.2660
-33.1314
-70.0958
-35.8848
-33.9640
-3.2502
-55.5727
-23.3927
-25.3361
-42.8535
-38.4806
-4.6297
-34.1443
-32.9612
-4.5611
-6.1227
-5.3407
-4.3345
-7.3623
-8.3900
-9.1389
10.9124
8.3003
11.1042
15.1373
16.0226
13.7184
8.5723
9.6920
11.2074
8.9012
-13.3905
-6.0580
-14.7512
-10.6804
-10.5025
-12.0548
-6.0462
-8.6210
-4.6898
-2.6246
-12.1227
-10.2798
-10.0818
-13.5230
-9.0536
-13.1689
-10.6891
-11.1636
-2.8456
-6.2544
-7.2262
-8.4013
-7.7060
-2.7953
-14.3160
-6.3379
-7.1906
-11.5326
-12.2604
-11.9896
296.2507
312.9309
281.5477
291.4136
305.1418
301.2004
299.5756
296.4587
301.7846
278.5556
