2.0678
11.2295
3.7790
2.4037
4.8202
4.4694
2.2004
5.4087
10.7403
4.2171
17.4457
19.1130
2.2614
8.2276
17.5433
5.0959
9.3250
5.9159
2.3110
4.4769
257.1402
274.0522
278.8077
285.7507
275.9261
258.0801
318.5211
295.0411
262.4594
291.2625
-5.5841
8.9280
13.7171
14.8003
5.9891
11.9330
5.5634
19.9681
13.9905
14.2175
4.0648
13.0838
2.0079
5.7325
11.2723
1.5327
15.7926
6.4410
20.8993
6.3301
-1.6453
0.3075
6.2866
3.9931
10.2931
4.9391
8.7124
13.0770
4.2330
9.7884
11.3211
8.7502
6.1325
15.3020
-0.5151
2.6439
1.2869
5.6137
4.9490
2.6759
16.3226
20.2322
6.4567
10.6875
11.3211
35.7825
19.7928
13.0453
6.2317
10.7528
3.3238
2.8972
7.3890
2.9812
7.1927
0.7884
2.4227
5.8743
0.1117
3.3276
40.8274
25.3314
24.6578
17.5230
23.4364
16.7329
29.6687
20.2700
52.6360
42.8543
-12.8982
-0.2380
-5.3462
-19.3605
-2.2517
7.8669
-8.7884
-20.4308
-12.0978
-5.6193
21.1017
-22.7009
37.3193
-1.3250
6.4581
-2.1186
-14.6760
-3.8840
-9.2937
-7.1620
11.9240
0.4578
-2.4426
3.4048
-0.9460
3.2237
0.1817
5.8419
3.1800
-2.0861
30.1348
15.0315
33.3659
11.4602
8.7118
18.1068
14.3232
19.3399
24.2285
19.5661
9.4751
6.6801
5.3644
3.5307
-2.1178
-3.5925
-3.4154
-1.8106
-4.6971
-10.7285
-21.0287
-27.7620
-17.4240
-4.4603
3.5851
-10.0129
-17.7321
-14.8462
-20.2478
-18.9116
-4.4230
-5.1389
-4.8235
-4.4246
-6.0565
-5.2863
-4.2368
-6.7475
-7.6733
-7.6890
11.8562
16.9633
21.2634
21.4687
18.4697
15.2164
14.7686
10.5279
16.9668
13.1803
15.0964
12.4585
14.0581
13.1886
18.2727
15.1741
10.3837
22.9477
9.8260
8.2525
9.8301
8.8241
13.8366
15.5792
11.4770
16.0738
9.8694
11.2418
-1.1351
1.6727
14.5240
8.6933
9.6269
8.0943
24.5290
10.2294
10.4548
12.4024
17.0105
17.9748
296.7548
315.6985
282.2132
292.0185
306.2682
302.3009
300.4046
297.5985
303.4285
278.8372
