1.8502
14.8036
3.5473
2.0550
4.6822
4.0965
1.4355
5.8835
11.4814
4.4163
40.2226
29.5321
6.0342
9.8477
40.5087
8.4768
19.1000
18.2443
10.4035
28.7641
7.1579
9.2094
10.7391
16.7861
8.7268
4.7512
33.0220
21.2068
3.8969
22.8265
11.5518
34.2613
32.3472
55.5524
23.9235
43.8190
30.4421
45.5851
29.9121
25.1865
6.4822
27.1704
8.9222
14.9797
24.8551
11.5107
26.2352
24.3104
43.3562
21.8735
4.7196
2.6262
17.4212
14.3810
25.0079
12.1513
24.2491
32.2519
9.2730
22.4761
29.7166
21.4431
22.0375
33.8033
7.3124
6.3822
6.6399
14.1855
26.8280
13.3513
20.5741
25.8294
6.1571
14.1366
13.2302
50.9108
29.6770
15.4007
6.2409
12.3743
10.0337
7.5684
16.9728
6.8688
12.9303
6.1301
5.6573
19.6955
2.1164
9.4788
10.6762
3.8641
5.1392
2.8231
7.4752
4.1586
7.1512
9.2681
18.7735
6.8427
101.7461
107.7217
5.1183
2.4207
6.1806
7.6314
19.4719
17.5368
18.4369
5.0547
10.0071
3.0269
46.0953
2.3577
16.8874
9.9034
8.6028
2.6773
8.0338
19.5542
26.1011
14.2363
10.2494
12.5508
8.8370
12.1853
6.7573
11.1481
15.6476
10.7616
22.5337
13.5681
26.1133
4.0038
4.8970
7.9866
10.2694
8.3704
17.7491
20.0442
6.6004
17.8781
10.7610
7.6426
2.4363
3.5363
4.8011
9.7164
10.5406
14.5375
12.1027
42.3338
18.4609
29.5037
6.8353
45.5597
5.6606
10.4899
22.6058
19.5690
0.2067
29.0054
28.1377
0.1365
0.0662
0.0544
0.0977
0.6148
0.7167
1.4499
0.9438
8.6629
10.1592
6.3315
2.4471
1.4980
6.1963
0.8359
5.7594
4.2791
28.4870
18.5165
28.8093
23.8689
28.7753
27.2289
16.4300
31.5687
14.5159
10.8771
21.9528
19.1039
23.9185
29.1021
20.5305
29.2426
20.5585
22.4054
1.7105
7.9271
21.7503
17.0945
17.3329
10.8895
38.8451
16.5674
17.6454
23.9350
29.2709
29.9644
0.5040
2.7676
0.6655
0.6049
1.1264
1.1005
0.8290
1.1398
1.6439
0.2816
