-0.2254
-1.0091
-0.2870
-0.2282
-0.4016
-0.2727
-0.1722
-0.4529
-0.6339
-0.3351
-11.3798
-11.6457
-8.7094
-8.2967
-13.1572
-6.8160
-9.5898
-8.6764
-10.6925
-12.6880
-12.0863
-14.4818
-14.7403
-16.1200
-14.2884
-12.6077
-19.6139
-15.7256
-11.8761
-16.0406
-9.7027
-13.7120
-13.3957
-16.8961
-12.2868
-16.4079
-14.1237
-16.8176
-15.8966
-13.2593
-0.9107
-2.6591
-1.4190
-2.3399
-3.5182
-2.5495
-2.6254
-3.8783
-4.7932
-3.5729
-1.4542
-0.7347
-1.9992
-1.9840
-2.6645
-1.3795
-2.6021
-4.0243
-2.4123
-2.2308
-4.5130
-3.3959
-4.0756
-4.3809
-2.0505
-1.9176
-1.8902
-2.4976
-5.5287
-2.9973
-1.1401
-1.4881
-0.7207
-1.0449
-0.9778
-2.4237
-1.7893
-0.9285
-0.6382
-0.8848
-3.6376
-2.4063
-3.5242
-2.2900
-3.0643
-2.1444
-1.2958
-3.8147
-1.7015
-2.5984
-10.7402
-7.6695
-7.3242
-7.1042
-9.6708
-8.0644
-9.2153
-10.7512
-12.3797
-9.1604
-30.9632
-30.0175
-5.8327
-6.6563
-8.1939
-7.1045
-12.0809
-9.6699
-11.0909
-5.9779
-7.2561
-6.3820
-10.3759
-4.9775
-8.2720
-7.9461
-8.3829
-6.0852
-8.5117
-9.4406
-2.2237
-2.0867
-2.2307
-1.4751
-1.6387
-1.2698
-0.9808
-1.2641
-2.0028
-2.1877
-7.3539
-6.2776
-8.5384
-5.3544
-4.7803
-5.8769
-5.4943
-5.7429
-6.7920
-6.1754
-10.3920
-12.2979
-9.4174
-10.5441
-7.2487
-9.1952
-9.8634
-11.4643
-11.3591
-14.5350
-11.9105
-18.6948
-10.9604
-13.3117
-9.0627
-18.9098
-9.7137
-9.8366
-13.8858
-10.2461
-0.5138
-6.4826
-6.1328
-0.4320
-0.3859
-0.3906
-0.3650
-0.7769
-0.8420
-1.0423
-5.6854
-9.9968
-12.9906
-8.9937
-9.2950
-7.5236
-9.9046
-5.4135
-7.0782
-8.0259
-2.8626
-2.6119
-3.6046
-3.3936
-5.0427
-3.3618
-3.3413
-3.3285
-2.5192
-2.6724
-2.5392
-2.5431
-1.6017
-2.1368
-1.6455
-2.7454
-2.2720
-1.6267
-0.5090
-1.1426
-2.0937
-2.3101
-2.1021
-1.2065
-2.7510
-1.4055
-1.5307
-2.4824
-1.9822
-2.7290
-10.2267
-14.7476
-9.7194
-10.3490
-11.7045
-11.9105
-11.3723
-11.5796
-12.7710
-8.8133
