-5.8428
-12.2773
-6.1061
-5.8092
-5.8192
-5.1350
-4.0660
-7.8039
-4.8428
-6.3846
-27.1150
-16.7301
-18.5962
-14.5171
-27.3736
-15.0755
-22.4271
-24.0941
-24.2209
-36.3431
230.9730
244.9128
247.2516
249.3128
249.0559
233.2260
270.5969
257.6761
239.5993
254.4399
-37.3707
-39.0669
-35.8123
-54.4030
-40.7004
-50.8253
-47.9594
-42.7543
-38.4916
-31.9693
-10.3959
-15.6454
-14.1853
-17.1058
-17.1759
-17.8165
-13.8424
-20.9602
-16.4951
-18.0143
-17.7303
-9.6279
-16.7463
-19.2900
-17.9164
-15.1636
-17.2856
-18.8179
-13.9654
-14.3865
-15.9377
-14.8733
-19.3328
-16.0760
-13.0129
-10.6615
-11.6881
-13.1776
-21.1800
-16.9897
-5.5711
-7.5428
-9.1662
-8.9445
-9.0109
-1.7873
-10.0517
-7.3071
-7.9504
-8.2118
-17.6871
-13.9261
-15.4182
-15.2312
-14.4510
-14.7191
-12.8446
-18.4615
-10.5540
-15.9924
17.5961
9.2037
7.7656
3.8715
2.1246
1.1866
11.1184
-2.4202
28.0380
24.1304
-87.2671
-70.5178
-21.9494
-32.5405
-21.7184
-12.7435
-38.5835
-46.0483
-39.7142
-21.5602
0.2968
-40.1031
-3.0044
-16.3321
-20.4069
-28.5943
-41.1076
-20.6797
-34.4014
-35.9048
-11.7018
-21.5713
-23.8338
-15.6415
-18.4632
-14.6175
-13.4092
-9.5710
-20.9506
-24.1435
1.7942
-9.0321
3.2073
-5.0771
-8.2484
-1.8153
-5.5220
-0.0250
-2.7378
-5.9719
-15.4520
-28.5163
-22.0066
-22.8322
-19.1864
-23.6664
-25.9081
-29.7051
-31.3221
-43.1712
-49.2829
-75.3466
-47.8779
-45.4468
-20.7234
-56.1326
-38.9896
-41.3397
-56.5474
-48.3420
-6.8375
-26.5170
-27.8611
-6.8376
-7.9467
-7.0108
-6.5331
-10.3212
-13.1208
-13.9936
-0.0473
-8.3540
-5.0563
-0.3633
0.8244
1.5108
-7.7351
-0.2556
-1.6901
-5.6842
-14.3594
-11.3627
-18.4698
-16.1229
-12.0891
-14.2549
-15.0380
-5.0764
-11.9177
-11.8833
-18.9527
-20.2173
-11.8267
-11.5988
-14.1754
-18.0962
-20.4292
-11.5167
-10.0127
-16.8001
-15.0005
-19.1584
-18.9051
-12.2332
-13.5141
-14.3348
-16.3604
-21.0653
-13.6101
-15.9139
282.5129
295.4522
268.6291
277.4456
289.3432
285.8673
285.1331
281.3818
286.1555
267.2927
