-0.6961
-0.8293
-0.6138
-0.9395
-0.8997
-2.3400
-1.4171
-1.5763
-2.1714
-1.1747
-2.0149
-0.7143
-0.8015
-0.7976
-0.9933
-2.1738
-0.6869
-1.4687
-2.6389
-0.8168
-1.3361
-1.8192
-1.2230
-0.8983
-0.9606
-1.3593
-1.2706
-1.0489
-1.5210
-1.1437
-1.2697
-0.8221
-0.7370
-1.4358
-0.7945
-3.6780
-1.7060
-1.5281
-2.4726
-1.6571
-0.7937
-0.9929
-1.8079
-2.4034
-1.1352
-0.7597
-1.0093
-0.8012
-0.8915
-0.7226
-1.4455
-0.9219
-0.8063
-0.6665
-1.5556
-0.8198
-1.1148
-1.1468
-1.7954
-0.7924
-2.0063
-1.1288
-0.9875
-2.7855
-1.0242
-1.4557
-3.9574
-1.3388
-2.0972
-0.8322
