-11.1723
-13.3510
-9.5211
-13.3052
-14.4260
-22.4064
-18.9384
-19.4940
-23.1680
-16.3387
-22.9516
-10.5930
-12.2979
-12.3306
-14.5465
-21.8758
-11.3738
-16.4469
-20.7571
-12.5821
-15.9711
-18.5818
-16.8923
-13.9563
-13.1292
-19.1475
-17.4940
-15.4206
-19.4831
-15.7356
-15.8643
-11.8242
-11.8598
-17.0934
-12.6657
-20.9018
-15.3649
-15.5264
-18.9261
-17.0142
-8.5627
-8.4431
-13.7129
-16.7226
-12.2095
-9.8147
-12.1349
-9.6072
-11.2403
-9.7443
-15.0416
-11.1686
-11.5776
-9.8003
-16.1712
-11.5051
-11.6335
-12.2740
-15.9632
-10.7757
-16.2723
-11.3262
-13.2810
-16.6860
-13.2238
-15.1159
-20.3628
-15.4024
-17.2730
-11.9038
