-3.8387
-4.3279
-1.8397
-4.5517
-3.2644
-12.0526
-8.6987
-6.3715
-11.4799
-4.3377
-7.9017
0.9459
-0.9228
-4.3517
-2.5965
-12.0626
-3.2504
-4.4277
-9.9696
-2.0313
-6.5908
-8.7184
-8.8399
-6.0008
-2.7322
-4.5043
-4.7739
-4.3532
-5.8812
-2.5319
-4.1790
-3.5511
-3.9965
-5.0040
-3.6227
-10.1756
-6.2240
-8.0469
-5.1270
-5.2297
-3.0195
-1.9487
-5.1624
-6.4163
-4.6308
-2.2939
-2.8045
-3.1457
-3.8960
-3.7070
-6.4263
-2.0449
-3.7652
-3.5190
-6.8758
-2.9094
-3.4237
-3.4460
-5.1801
-2.9112
-4.9948
-4.2911
-4.9370
-6.5643
-3.2962
-4.5787
-7.2529
-6.5790
-8.0946
-4.8514
