0.1574
1.8835
0.3263
3.6448
3.7096
12.3566
3.9750
7.4500
11.0979
4.4061
12.5096
5.6870
3.7712
0.9470
4.7678
9.3907
0.4904
7.2561
15.0199
2.3725
4.0712
7.8511
2.3780
-0.3561
3.6855
8.9095
5.5919
4.1885
7.7414
7.0558
6.0599
0.6459
0.8466
9.2958
0.6970
17.3463
3.7012
1.4861
12.1420
6.5904
-0.1578
2.3060
4.6211
9.8914
1.8398
0.8858
3.1324
0.2880
0.3810
-0.8044
2.5441
2.7024
0.2008
-0.9127
5.2318
1.2220
2.3323
3.0302
6.3016
0.6020
7.9060
1.3257
1.5418
9.3529
2.2658
4.5155
18.8283
2.3456
5.7686
-0.4207
