3.9962
6.2114
2.1661
8.1964
6.9740
24.4092
12.6738
13.8215
22.5778
8.7439
20.4113
4.7411
4.6940
5.2987
7.3643
21.4534
3.7407
11.6837
24.9894
4.4038
10.6620
16.5694
11.2178
5.6447
6.4177
13.4138
10.3658
8.5417
13.6226
9.5877
10.2389
4.1970
4.8431
14.2998
4.3197
27.5219
9.9252
9.5330
17.2690
11.8201
2.8617
4.2547
9.7835
16.3077
6.4706
3.1797
5.9368
3.4336
4.2769
2.9025
8.9704
4.7473
3.9660
2.6063
12.1076
4.1315
5.7560
6.4763
11.4817
3.5132
12.9008
5.6169
6.4788
15.9172
5.5620
9.0942
26.0812
8.9246
13.8633
4.4306
