-1.1244
-1.3928
-0.9129
-1.7885
-1.6275
-2.7270
-2.0162
-2.5943
-2.6146
-1.7916
-2.4538
-1.4880
-1.5140
-0.9492
-2.0650
-2.6173
-1.1185
-1.6763
-2.2410
-1.3255
-1.9750
-2.0495
-2.1006
-1.2823
-1.6138
-2.4752
-1.9948
-1.3753
-1.9311
-2.0393
-1.6107
-1.2431
-1.0588
-1.4560
-1.2648
-2.2543
-1.6074
-1.4293
-1.6744
-2.0270
-0.8838
-0.7773
-1.5691
-1.6904
-1.3032
-0.7367
-1.1043
-1.1475
-1.0139
-0.9631
-1.4824
-1.0150
-1.1384
-0.7345
-1.9337
-0.9276
-1.1490
-1.1193
-1.2277
-0.7923
-1.5877
-0.8851
-1.0405
-1.7091
-1.0573
-1.3860
-2.4584
-1.4484
-2.2867
-0.9672
