-10.8660
-12.0125
-9.3792
-10.6392
-11.3968
-12.8978
-15.9941
-13.7530
-14.7775
-13.1215
-13.1018
-5.4487
-9.1049
-11.5825
-10.5278
-14.8918
-11.2697
-10.9620
-9.4137
-10.8727
-13.3065
-12.9468
-15.4930
-14.5590
-10.2213
-11.8034
-13.3014
-12.2188
-13.6617
-10.3275
-11.5773
-11.3736
-11.2243
-9.4412
-12.3515
-8.0695
-12.9728
-14.5544
-10.0284
-12.3190
-8.6393
-6.6722
-10.3204
-9.3732
-10.7560
-9.2047
-9.8998
-9.4482
-11.0853
-10.4545
-13.3514
-8.9369
-11.6478
-10.5996
-12.3971
-10.5832
-9.9624
-10.2674
-11.2834
-10.3356
-10.8771
-10.2211
-12.2226
-10.0520
-11.4460
-12.0252
-6.7869
-13.7280
-13.7627
-12.4855
