-1.8049
-2.0811
-2.0386
-2.2185
-1.9102
-2.7074
-0.8857
-2.9585
-0.3855
-1.8076
-0.9780
-1.1833
-1.0237
-0.9893
-2.5702
-1.0673
-0.8610
-1.2979
-1.2340
-0.6785
-1.7711
-1.3992
-2.9000
-1.3679
-1.4272
-2.6900
-1.3186
-0.8276
-1.0568
-0.8655
-1.5337
-1.9961
-2.5043
-1.2664
-2.9553
-2.8268
-1.5051
-0.5560
-1.1202
-0.5090
-0.7949
-1.4018
-1.3090
-3.5928
-0.9303
-2.6084
-1.7757
-2.0183
-0.7047
-0.9014
-1.0746
-1.2932
-0.9599
-0.8461
-1.1546
-1.3125
-0.7658
-1.2671
-1.1114
-1.4727
-0.9362
-0.6504
-0.5431
-0.8205
-1.5304
-0.5936
-0.4346
-1.0284
-0.8143
-0.6777
-1.5526
-1.9596
-2.2152
-1.2491
-1.4391
-0.8942
-1.0059
-3.1297
-1.7405
-1.2149
-1.3074
-1.4492
-2.4428
-2.1041
-3.0903
-3.0705
-1.8802
-3.4291
-3.5258
-1.6823
