-11.5553
-14.8257
-17.3481
-15.3942
-16.9315
-19.3476
-8.3668
-21.2708
-3.7306
-12.0337
-12.7526
-15.4317
-13.1672
-13.2257
-20.4097
-13.3663
-11.6461
-15.9747
-14.9796
-10.6881
-19.5988
-15.3233
-23.8162
-15.1835
-15.2519
-22.5000
-14.5012
-7.8189
-10.5854
-10.0017
-17.0433
-18.1376
-22.3691
-12.9580
-21.2516
-20.3992
-9.5209
-6.8531
-10.1026
-6.4253
-10.5295
-15.3296
-13.3343
-22.0622
-11.0665
-18.9056
-16.2632
-17.7712
-8.5529
-12.3299
-14.1249
-15.4487
-14.3504
-13.8127
-16.2964
-16.8585
-11.9215
-18.2498
-14.8300
-17.4322
-11.1437
-8.4058
-6.1779
-8.6983
-13.3385
-7.5927
-5.8884
-10.6584
-9.2011
-7.7215
-14.5643
-19.0042
-23.1267
-12.0253
-16.2676
-10.6331
-11.3690
-21.4794
-19.0729
-15.5039
-14.7459
-15.9363
-17.6285
-21.3338
-26.8452
-20.6924
-16.0129
-25.7308
-27.4868
-16.7033
