-6.3212
-3.3718
-12.5275
-9.2656
-9.1347
-7.5614
-0.2014
-10.1514
-1.2922
-5.2205
31.6628
39.5536
50.4978
37.7627
32.9309
43.8796
47.8541
43.2896
48.4445
46.4693
-24.9774
-22.6951
-31.9364
-23.6998
-29.5703
-42.0226
-25.0151
-12.2169
-8.4440
-22.1147
-2.2093
-4.9939
-10.7712
-7.6354
-13.8128
-14.2298
-6.5426
1.6032
-4.4027
-2.8987
-0.9841
-2.6466
-3.7144
-9.4112
-1.2958
-5.5335
-6.5557
-6.1411
-1.9814
-0.7577
3.3667
0.0373
0.4071
1.8867
3.4115
0.3790
4.5403
1.7126
2.1265
1.6648
0.8563
-0.9377
-3.4283
3.4524
-7.5596
-2.2381
-0.4498
7.1916
4.5928
4.9127
-3.3895
-1.5863
-8.3632
-1.1077
-3.7526
-2.7764
-2.9053
-8.8061
-4.5480
-2.7123
-5.9281
-8.8542
-9.6014
-8.3720
-15.3120
-13.6910
-9.7184
-13.6185
-17.9373
-6.3863
