9.2434
11.3645
3.9161
8.1511
7.6805
17.9989
3.8533
16.5824
-0.4954
7.0001
39.1435
50.1389
61.0688
45.8657
57.1152
53.3592
56.9532
57.7816
60.8464
51.9108
-10.5324
-10.2061
-1.5935
-13.7126
-18.2086
-15.3408
-16.7595
-10.3505
-4.5503
-18.7572
9.8701
12.1991
13.1840
2.0496
12.8684
11.4803
5.5394
4.5867
3.6949
-0.4981
1.1361
4.3912
2.8343
15.8701
2.4127
11.7750
5.2253
6.8412
-0.2125
2.6754
11.4748
10.2143
6.3845
6.0788
12.9723
10.4865
7.9847
12.9108
9.2081
17.5190
6.3120
1.9066
-1.3013
7.7858
6.1148
1.5764
1.1575
16.3386
10.5580
9.1155
6.3829
12.6990
10.7444
5.6392
5.8932
1.5685
1.6492
13.1484
10.1905
4.6044
3.7212
2.4460
7.5717
9.0607
15.7015
11.6297
4.7975
16.0814
17.3950
6.6775
