15.5647
14.7364
16.4436
17.4167
16.8153
25.5603
4.0546
26.7338
0.7968
12.2206
7.4807
10.5852
10.5710
8.1030
24.1843
9.4796
9.0992
14.4920
12.4019
5.4415
14.4450
12.4890
30.3429
9.9872
11.3617
26.6818
8.2556
1.8664
3.8937
3.3575
12.0794
17.1930
23.9552
9.6850
26.6812
25.7101
12.0821
2.9835
8.0976
2.4006
2.1202
7.0378
6.5486
25.2813
3.7085
17.3085
11.7809
12.9823
1.7690
3.4331
8.1081
10.1770
5.9774
4.1921
9.5608
10.1075
3.4444
11.1982
7.0816
15.8541
5.4557
2.8443
2.1270
4.3334
13.6744
3.8145
1.6073
9.1470
5.9651
4.2028
9.7724
14.2852
19.1076
6.7468
9.6458
4.3449
4.5544
21.9545
14.7385
7.3167
9.6493
11.3002
17.1731
17.4327
31.0135
25.3207
14.5158
29.6999
35.3323
13.0638
