-1.3966
-2.2032
-3.1411
-2.5076
-2.6773
-3.3121
-1.1103
-3.2114
-0.6688
-1.8860
-10.1124
-10.4097
-11.7464
-10.5002
-11.5657
-10.1806
-10.1402
-11.3947
-9.8793
-9.4430
-9.3309
-7.5942
-11.3498
-8.1276
-9.2611
-11.4393
-7.9525
-5.8541
-5.9940
-7.0462
-1.7205
-2.2313
-3.4473
-2.3878
-2.8240
-4.5071
-1.8923
-0.8426
-1.2751
-0.6604
-0.8788
-1.2969
-1.0771
-2.1062
-0.7641
-1.8076
-1.3281
-1.3355
-0.6337
-0.9399
-2.1022
-2.1324
-1.7379
-1.3774
-2.4899
-2.0983
-1.4565
-2.3303
-1.7783
-2.6934
-11.1055
-9.1768
-7.7185
-9.4351
-13.2529
-8.9285
-7.5434
-11.2120
-10.0185
-9.0976
-2.0061
-2.3929
-2.7011
-1.1561
-1.6505
-1.0535
-1.4346
-2.3386
-2.1688
-1.9515
-0.9099
-1.4219
-1.4559
-1.4155
-2.2183
-2.1033
-1.4275
-2.3494
-2.2363
-0.9993
