-5.5133
-7.7454
-18.6116
-11.9692
-13.8385
-7.3683
-6.5096
-10.8583
-5.2803
-8.7272
15.3006
23.1142
35.1316
21.1505
22.5696
28.7449
34.3060
29.1144
34.7535
31.1012
-41.2331
-34.5228
-39.6594
-38.3916
-44.1489
-51.9702
-40.5318
-24.8512
-22.1864
-36.6706
-10.4274
-10.1659
-15.1368
-14.5625
-14.1625
-16.2529
-7.3788
-3.6650
-8.8031
-8.0927
-11.0672
-13.6371
-12.8862
-11.8911
-10.3482
-11.5466
-14.1417
-14.2838
-10.1038
-11.4959
-5.8269
-8.6600
-10.6637
-9.9573
-6.9687
-9.7828
-6.1591
-8.9363
-8.5117
-4.0792
-16.8734
-16.3263
-15.7409
-11.1681
-22.0071
-15.5384
-12.7089
-6.5603
-9.4759
-8.3813
-11.7400
-10.6577
-17.2986
-8.7913
-13.4639
-11.0122
-12.1603
-13.7994
-12.7917
-14.0658
-13.2420
-16.3614
-13.9555
-15.7928
-16.4523
-14.2364
-14.5232
-15.4278
-15.8539
-12.7074
