-1.2883
-0.6699
-1.5046
-1.2599
-1.5130
-1.1735
-0.9513
-1.3543
-1.1671
-1.4591
-0.6000
-0.8896
-0.7741
-0.5864
-0.5748
-0.7274
-0.5962
-0.5567
-0.5752
-0.5162
-1.0289
-2.7284
-3.0727
-2.2443
-3.4616
-2.8009
-3.1747
-2.0321
-3.6784
-2.2880
-0.4466
-0.3986
-0.2582
-0.5825
-0.7163
-0.5772
-0.8311
-0.4239
-0.3421
-0.5845
-0.7126
-1.0335
-1.3337
-0.3724
-0.3601
-0.3227
-0.6796
-1.1024
-0.4871
-0.6157
-1.8725
-1.0645
-2.7825
-1.3898
-1.4993
-1.8009
-1.0014
-0.8982
-0.8183
-1.2668
-1.8233
-3.5265
-3.3529
-2.6255
-3.4621
-1.9462
-2.6811
-1.5098
-3.5214
-3.9941
-0.3101
-0.2947
-0.4245
-0.6626
-0.4839
-0.3912
-0.5248
-0.4851
-0.5080
-0.4796
-1.9961
-1.7322
-1.7707
-3.3424
-0.6726
-0.8907
-0.9190
-0.7765
-1.0757
-1.2577
-1.0061
-2.5318
-1.3449
-0.8695
-2.4240
-0.7706
-1.0227
-0.3817
-1.5192
-1.1029
