-14.9333
-7.7228
-9.3732
-11.8996
-12.0390
-10.9046
-10.3633
-13.4665
-12.3717
-14.1828
-9.6101
-12.1221
-11.1727
-8.5873
-8.6644
-10.9474
-8.9145
-8.3888
-9.2055
-7.9743
-15.1185
-23.9190
-25.1016
-19.0292
-25.0268
-23.2241
-21.1000
-22.5726
-26.5765
-20.9935
-6.6266
-6.0691
-4.1107
-8.7211
-9.7646
-8.5361
-9.5135
-6.3342
-5.1526
-8.6863
-9.7305
-12.5512
-14.3829
-6.0355
-5.7829
-5.0133
-9.6040
-13.5752
-8.1073
-9.4312
-19.7884
-13.7700
-19.4438
-15.5237
-15.4757
-18.5419
-10.4116
-9.7493
-10.0994
-12.5062
-15.0846
-21.0961
-22.7005
-16.9766
-20.7615
-16.3669
-18.3370
-13.7345
-17.0103
-21.1693
-3.1839
-3.2060
-4.3940
-8.3687
-6.0243
-4.3901
-6.3238
-5.9801
-6.5438
-6.4759
-16.7434
-14.0975
-15.7053
-20.1993
-7.7827
-10.3444
-11.0295
-9.0610
-11.6027
-13.6505
-12.4801
-16.3451
-15.2542
-13.1983
-24.3568
-12.2875
-14.2505
-5.9322
-18.7503
-16.9340
