-2.6394
-2.7031
-7.8850
-5.4662
-9.6309
-4.5843
-0.0964
-5.1138
-7.1754
-5.6855
-3.7525
-5.5043
-3.6583
-3.2242
-3.6240
-5.4769
-4.5081
-3.9578
-3.2802
-4.6098
-7.4685
-14.7763
-15.7589
-10.8409
-15.4911
-15.4947
-12.8684
-10.7289
-19.2504
-11.0047
5.5017
-2.8871
1.5644
12.5815
-2.3183
-8.8226
0.1313
5.6809
-2.1694
22.3844
27.6111
11.3963
10.5879
11.8247
16.2966
9.7904
10.7201
20.5102
21.1236
12.2410
-26.8790
-16.3935
-34.1325
-12.8726
-22.6204
-18.5374
-26.8684
-22.1215
-21.4142
-20.6053
2.1739
-2.4526
-7.6643
-4.8584
-3.1938
-1.0539
-7.5509
2.4937
-2.0936
-12.1538
2.5017
-0.4426
-0.4155
3.8665
4.8987
4.5636
2.3663
4.4031
5.1992
5.6022
13.7479
4.9581
5.0307
0.8088
10.9200
11.6686
11.5104
14.8649
9.3563
13.9983
3.4607
3.5164
5.2523
5.6776
-1.3957
6.3824
6.8964
4.0269
3.1512
6.3078
