8.3582
0.4050
1.6375
5.7855
3.1113
3.8797
7.0649
4.5154
3.2095
6.1536
-1.6531
-0.8294
0.3455
-1.2748
-1.9452
-2.5721
-2.4998
-2.4106
-1.4217
-3.2563
-1.0969
9.2963
14.1037
3.8525
13.5967
9.0545
10.0159
7.0020
11.8106
7.0215
7.6351
-1.0436
2.0073
17.7455
3.4160
-3.9971
5.2453
7.6117
-1.1986
27.2092
34.8149
22.2946
24.2966
13.2342
18.2664
10.6843
16.7466
31.9420
24.0696
15.8657
-9.4156
-8.9041
-15.2612
-2.6390
-12.2590
-3.7207
-20.5902
-16.9202
-15.6282
-11.4248
10.4438
18.4884
16.5418
10.7759
14.6888
7.8844
6.8549
9.3984
16.6260
14.0100
2.8399
0.1620
1.1980
7.2419
5.9816
5.0342
4.2026
5.5596
6.5672
6.7792
30.6795
16.2428
17.1036
30.8111
13.1540
16.8522
16.4040
18.4690
14.8418
21.9480
13.1348
19.9151
20.4700
14.4786
19.6266
12.2091
17.8264
4.7021
17.5369
18.1925
