10.9976
3.1081
9.5224
11.2518
12.7422
8.4639
7.1612
9.6293
10.3848
11.8391
2.0993
4.6749
4.0038
1.9494
1.6788
2.9048
2.0083
1.5471
1.8585
1.3535
6.3716
24.0726
29.8626
14.6934
29.0878
24.5492
22.8843
17.7309
31.0610
18.0262
2.1334
1.8435
0.4429
5.1640
5.7342
4.8255
5.1140
1.9308
0.9708
4.8248
7.2038
10.8983
13.7087
1.4095
1.9698
0.8940
6.0265
11.4318
2.9460
3.6247
17.4634
7.4894
18.8713
10.2337
10.3614
14.8166
6.2782
5.2013
5.7860
9.1805
8.2699
20.9410
24.2061
15.6343
17.8827
8.9383
14.4058
6.9047
18.7196
26.1638
0.3382
0.6045
1.6135
3.3754
1.0829
0.4706
1.8363
1.1565
1.3680
1.1771
16.9316
11.2847
12.0729
30.0023
2.2340
5.1835
4.8936
3.6041
5.4855
7.9497
9.6740
16.3987
15.2177
8.8010
21.0222
5.8267
10.9300
0.6752
14.3857
11.8847
