-2.1894
-1.2146
-1.8991
-2.7253
-2.3989
-2.0887
-2.1313
-1.8695
-2.1352
-2.3974
-0.5180
-0.6189
-0.4809
-0.5109
-0.4360
-0.5984
-0.4864
-0.4490
-0.4522
-0.4113
-1.1523
-2.3967
-1.9938
-1.7354
-2.1863
-2.3916
-1.7078
-1.7617
-2.9620
-1.6260
-4.3234
-4.2641
-2.7429
-6.3518
-6.5975
-6.2323
-6.8101
-4.2304
-3.8334
-5.7711
-6.9393
-8.2350
-8.8963
-3.9648
-4.2756
-3.4783
-5.6422
-7.6991
-4.9480
-5.8007
-11.3181
-7.8264
-10.3557
-8.3632
-8.2400
-8.7977
-7.0527
-6.5184
-6.6176
-7.7850
-4.3755
-6.1858
-5.8339
-4.8785
-5.8330
-4.7938
-6.0274
-3.7937
-4.4296
-6.4286
-0.2545
-0.3688
-0.7212
-1.2830
-0.4834
-0.3699
-0.8650
-0.7582
-0.5627
-0.5234
-2.4481
-1.2497
-1.4850
-2.3199
-0.9215
-1.3707
-1.2493
-1.2638
-1.0335
-1.8757
-1.6180
-1.7374
-2.4673
-1.8666
-2.0818
-1.5439
-2.1547
-0.6500
-2.1847
-2.3399
