-9.3828
-8.3774
-10.4119
-8.7138
-11.8761
-9.3718
-5.2993
-11.3196
-11.8570
-11.3143
-10.7534
-13.0293
-10.8474
-9.5366
-10.2093
-13.1877
-10.9991
-10.3207
-10.1621
-10.4876
-17.0470
-18.3865
-14.6028
-18.2010
-15.7661
-17.9715
-14.6981
-18.1876
-20.0168
-16.6167
0.6386
-5.7330
-1.0198
5.9363
-7.0787
-11.0001
-5.1097
0.6366
-4.0145
13.2765
18.2325
4.5910
3.8073
5.5047
9.2551
4.6842
3.7224
12.0307
11.2053
4.0964
-31.0731
-21.9143
-36.6360
-19.6634
-27.5903
-23.9425
-27.9219
-24.1819
-23.4240
-24.4802
-10.4007
-11.0343
-14.4836
-12.3649
-14.2890
-14.1467
-17.4677
-9.6965
-7.7429
-15.7096
-1.6448
-3.6949
-4.4749
-3.6906
-2.1998
-1.2824
-4.0836
-2.6184
-2.0929
-2.0606
6.3590
-3.5684
-4.2132
2.4478
1.4124
1.6218
0.6606
4.9018
-1.3174
2.3044
-2.3043
-1.1293
1.7070
-1.0553
-9.0830
-1.8374
0.7775
-1.5797
-4.3656
-1.4906
