-0.5245
-2.1751
-0.6531
-0.5038
-0.8000
-0.7387
-0.4009
-0.9700
-1.8354
-0.7195
-3.8900
-2.8198
-1.1853
-1.4575
-4.2015
-1.3231
-2.1297
-2.0880
-1.4853
-2.6503
-2.2499
-2.1661
-3.9843
-7.3617
-1.0805
-2.3452
-1.0489
-1.7548
-2.0383
-2.3708
-1.2766
-1.4622
-1.7648
-2.2888
-1.4645
-1.1612
-3.1053
-2.1001
-0.9957
-2.3501
-2.2401
-5.3260
-4.6569
-6.2603
-3.5739
-4.9930
-3.7825
-5.4240
-3.9314
-3.6433
-0.9917
-2.9783
-1.4128
-1.9411
-3.7684
-2.0293
-2.6445
-3.2457
-5.5524
-3.4044
-1.0523
-0.7874
-1.8848
-1.8627
-3.3152
-1.5985
-3.1792
-4.8996
-1.7537
-2.4469
-0.9802
-2.9382
-0.9134
-1.1320
-1.0329
-1.8022
-1.8580
-2.4635
-2.5338
-25.5629
-3.2409
-2.2387
-2.7411
-3.6447
-1.2219
-1.1291
-1.3121
-1.9423
-4.6080
-1.7205
-2.5208
-2.7372
-1.0890
-1.8957
-1.5706
-5.3304
-2.9551
-1.8262
-0.9463
-1.4538
-2.2931
-1.2698
-2.2319
-1.1645
-1.6846
-1.0678
-0.9306
-2.7019
-0.6433
-1.5083
-23.8057
-25.3952
-31.6910
-15.7700
-34.7140
-18.7631
-20.0097
-11.2334
-5.9765
-16.9135
-0.8579
-0.5341
-0.6569
-0.4598
-0.8364
-0.5263
-0.6718
-0.8848
-1.1315
-0.6407
-20.1229
-16.1915
-0.8663
-0.5750
-0.7912
-1.0290
-1.6740
-1.7676
-1.6026
-0.9669
-1.1726
-1.0298
-5.0497
-0.9408
-2.1053
-1.5392
-1.5048
-1.0705
-1.6814
-2.7722
-2.6382
-1.6277
-1.4015
-1.8849
-1.3326
-2.0554
-1.2033
-1.5809
-1.8702
-1.8880
-2.0013
-1.8942
-2.6671
-0.9683
-1.0920
-1.2489
-1.3700
-1.4320
-1.8744
-2.1315
-0.9578
-2.2004
-1.4745
-1.1797
-0.5362
-0.6893
-0.9124
-1.5584
-1.6595
-2.1666
-1.6362
-5.3681
-2.2509
-2.6979
-0.9073
-4.4227
-0.8996
-1.3303
-2.4029
-2.2227
-0.1878
-4.8474
-5.2680
-0.1968
-0.1640
-0.1384
-0.2534
-0.2700
-0.5451
-0.5644
-0.3291
-1.0611
-1.0631
-0.6511
-0.3885
-0.3120
-0.7705
-0.2898
-0.6343
-0.6541
-2.6334
-1.9690
-3.0719
-2.4441
-3.9249
-3.0046
-2.3610
-2.4459
-1.8577
-1.4638
-3.0620
-2.5687
-2.8322
-3.4014
-2.1651
-3.1030
-2.4513
-2.3267
-0.5853
-1.2835
-2.5186
-2.1666
-2.3831
-1.6160
-3.9605
-2.4521
-1.9514
-3.1561
-3.3794
-3.5704
-0.2795
-0.3880
-0.2668
-0.2802
-0.3373
-0.2858
-0.2749
-0.2809
-0.2914
-0.1814
