-7.1467
-20.3661
-8.9380
-7.4651
-9.4037
-8.5778
-5.6790
-11.7873
-13.0645
-9.5481
-29.1752
-21.2369
-10.8517
-12.8877
-27.3206
-11.9886
-19.9305
-19.1827
-14.1953
-25.3489
-19.1384
-14.1105
-14.1085
-25.1892
-13.6453
-20.9712
-12.9096
-21.5017
-18.5092
-23.4090
-12.7254
-13.0747
-14.9177
-17.8625
-10.9802
-10.9745
-24.9098
-19.3325
-9.8661
-18.2345
-19.7593
-28.7201
-31.1807
-45.8457
-30.6375
-41.1151
-35.4675
-40.1322
-32.3615
-29.0057
-12.5190
-23.0148
-13.3072
-18.4365
-21.0115
-14.6593
-24.2491
-20.0872
-26.9217
-17.2656
-13.5830
-8.4288
-19.0897
-19.4629
-22.1217
-17.0727
-20.0754
-22.7825
-13.9148
-19.3944
-11.6807
-19.9439
-7.9393
-11.9952
-9.1650
-18.2740
-17.2538
-16.9092
-22.1633
-30.7220
-19.5965
-18.0411
-18.7489
-23.4542
-9.1824
-10.2233
-9.7556
-14.3665
-16.0355
-15.0358
-18.3825
-23.8057
-13.9434
-16.8336
-17.9665
-29.9583
-25.2432
-17.7066
-12.7261
-16.7537
-15.1188
-13.1673
-17.0361
-14.8105
-16.9585
-12.3255
-13.0381
-17.8819
-8.3447
-15.2025
-21.6971
-27.0310
-25.9345
-19.5279
-27.0813
-25.5464
-23.2052
-14.5707
-10.8695
-18.1949
-11.9238
-8.1000
-9.0748
-6.1916
-11.0149
-7.0697
-8.8444
-11.2570
-11.1483
-9.1537
-22.8465
-23.7666
-9.8132
-5.8805
-10.5256
-12.4667
-16.0670
-14.0022
-14.8213
-8.9504
-12.2367
-10.0993
-24.8808
-9.1106
-16.4155
-17.0192
-16.5982
-9.6316
-14.9085
-16.6625
-18.5376
-18.1727
-17.6771
-15.5005
-14.4725
-14.4079
-11.2426
-12.3578
-20.0555
-17.8468
-18.7688
-15.7078
-18.6612
-10.0607
-10.9755
-12.5854
-12.8210
-11.9894
-18.0661
-17.0187
-13.5481
-20.5037
-16.4042
-14.6042
-9.2216
-10.1262
-11.6640
-14.7959
-13.4862
-15.6023
-14.4623
-23.0472
-16.9314
-24.7061
-14.2993
-22.4179
-10.4738
-15.0929
-19.7040
-16.6446
-1.7093
-10.2644
-11.7810
-1.7744
-1.3401
-1.1913
-1.6615
-2.5563
-4.0801
-4.6723
-5.8598
-14.1520
-12.1395
-12.1407
-7.9982
-5.8893
-11.7783
-5.0632
-10.8430
-10.1324
-23.9258
-19.2156
-25.8290
-23.3886
-21.2562
-22.9932
-19.6130
-22.1414
-17.3412
-15.8457
-23.0742
-23.8579
-21.2252
-21.5781
-21.7643
-28.2298
-25.5098
-18.7108
-7.7495
-16.0317
-24.9803
-23.4938
-24.1342
-17.5660
-31.4071
-20.7767
-23.3038
-27.9139
-25.1715
-27.6000
-3.8542
-5.2967
-3.6838
-4.0422
-5.0326
-4.3804
-3.7688
-4.4781
-4.3508
-2.6322
