0.3319
-3.3546
0.4034
0.5047
0.3434
0.5506
0.9001
-0.3028
-0.4758
-0.0546
-23.6811
-10.5819
-4.0172
-1.6525
-23.7171
-3.4699
-10.1098
-12.8774
-8.5184
-25.6833
-12.7358
-11.3891
-21.9267
-29.6185
-2.9050
-12.4070
-3.3916
-9.3879
-5.7853
-11.8020
252.8417
268.7328
272.3721
273.2512
272.0757
256.8119
291.3259
278.8599
263.0530
273.4573
-17.2642
-25.4268
-17.8255
-42.0153
-17.4824
-32.3997
-25.2811
-25.0363
-14.8710
-9.4569
-2.6207
-14.8385
-7.6196
-9.9544
-14.2101
-10.6713
-10.7653
-18.7495
-23.2487
-16.3156
-6.9434
-2.5706
-11.9190
-11.1638
-15.5513
-7.7369
-16.2393
-19.5979
-5.3775
-13.3144
-285.4583
-322.2866
-286.9814
-304.1572
-289.5803
-310.4535
-310.6452
-325.4728
-316.3344
-438.7613
-19.9857
-14.0656
-17.3568
-19.7788
-9.4659
-4.6076
-6.4033
-9.2100
-24.3012
-11.6540
-3.8609
-5.0510
0.7523
-3.0022
-1.4097
-14.6786
-9.5959
-1.8583
0.4993
-1.2028
-6.9952
-4.6792
-9.7463
-4.2659
-6.1338
-5.8826
-3.5649
-14.4949
-2.2543
-6.3330
-418.7268
-435.8817
-468.0964
-389.6114
-442.2725
-414.2377
-417.8345
-346.7445
-305.0021
-356.4970
32.3589
22.6899
20.2589
15.3269
16.7557
12.7769
23.9640
11.3889
36.3067
38.7061
-122.4902
-115.2799
-11.8454
-24.1314
-9.7845
-0.2812
-31.5515
-40.4991
-33.7641
-12.0247
13.0063
-28.1385
-7.1359
-3.6985
-10.6867
-12.5728
-25.3072
-6.8282
-18.5438
-28.4438
-15.1950
-15.6193
-14.6810
-10.0403
-11.4585
-10.1779
-7.3958
-5.5339
-13.8424
-14.7469
9.1583
1.7846
9.0166
8.0647
3.9189
11.6297
4.7332
12.1481
7.6359
-0.0656
2.6870
-11.8613
-5.6924
-4.8031
-5.0284
-7.7844
-8.9104
-12.2076
-16.4762
-27.4327
-37.9542
-75.9199
-40.2537
-38.9712
-5.8274
-61.6280
-27.6245
-29.5412
-48.5011
-42.8445
-5.5107
-37.6032
-36.3290
-5.4391
-7.2665
-6.3339
-5.2005
-8.7714
-9.9550
-10.5864
11.2494
8.4029
11.5892
16.1328
16.8202
14.3526
9.0009
10.2101
11.7549
9.2051
-13.7771
-5.8611
-15.1590
-10.5340
-9.9373
-11.9190
-5.7279
-7.9412
-4.5416
-2.0848
-12.5948
-10.8672
-10.5599
-13.9130
-9.4376
-13.6371
-11.3153
-11.4475
-3.1728
-6.7437
-7.0274
-8.6445
-7.6857
-2.5610
-14.1941
-6.4828
-7.3232
-11.7617
-12.2885
-12.0271
301.4716
318.8672
285.5954
295.4273
310.2229
306.4055
305.3908
301.1026
307.1586
283.1687
