2.1771
11.4687
3.9451
2.5544
5.0085
4.6382
2.3302
5.5794
10.9548
4.3507
16.6375
18.9366
1.9872
8.1393
16.8192
4.9838
9.0078
5.3888
1.8622
3.2511
9.1035
-0.3992
-2.0578
16.8949
4.4805
10.5356
2.6861
7.8019
13.2145
14.3162
259.9608
277.8403
283.0144
289.8655
280.6894
261.4958
323.8439
299.8124
266.8947
296.0076
-5.6060
9.0314
14.5843
13.8333
6.5586
11.5863
5.3000
20.5969
15.0211
15.7050
3.8373
12.2739
1.2805
4.9288
10.4889
0.7709
15.3120
5.3342
19.8422
5.4061
-2.2129
0.0624
5.4952
3.3051
9.3574
4.4015
7.8609
12.3994
3.8160
9.1082
-280.5774
-296.4520
-283.2842
-294.0882
-284.2777
-293.5934
-297.5578
-303.9164
-293.6579
-307.1539
9.9206
7.4978
4.9054
14.2368
-2.1401
1.7328
0.2181
4.9590
2.4548
1.8716
16.8686
21.0834
6.9602
11.2365
11.9544
36.4936
20.3059
13.6309
6.7980
11.2786
3.0819
2.8914
7.1824
2.6701
6.8905
0.2935
2.0980
5.2857
-0.1067
3.1488
-305.8254
-330.1453
-350.9967
-318.9093
-296.7321
-321.5101
-316.7071
-295.1782
-281.1323
-285.5112
43.5471
26.7211
25.5407
18.2314
24.6213
17.0708
31.3641
21.0820
55.2233
45.8305
-20.3193
-6.7610
-6.7742
-21.6608
-3.4412
7.3519
-11.5946
-22.9723
-15.1384
-6.9587
22.8103
-25.0010
38.5592
-1.3117
6.1757
-2.6060
-16.5834
-4.1119
-10.4785
-8.7009
10.6094
-1.4698
-4.4516
2.3571
-2.6544
1.9329
-0.7276
5.4301
1.6429
-4.0692
31.3737
15.1649
34.6835
11.9789
8.7379
19.4541
14.8210
20.3353
25.1117
19.6762
9.3523
5.9961
5.0478
2.8702
-2.5908
-4.2225
-4.0828
-2.4527
-5.9201
-12.7931
-25.8530
-33.7413
-21.9169
-9.5882
1.0120
-16.0768
-21.9378
-19.1226
-25.8598
-23.4712
-5.2956
-8.4538
-8.0469
-5.2970
-7.1958
-6.2751
-5.0992
-8.1359
-9.2170
-9.1192
12.1816
17.0317
21.7397
22.3910
19.2722
15.8493
15.1905
11.0323
17.4375
13.4698
14.7018
12.5800
13.6258
13.1821
18.4991
15.1889
10.5999
23.3815
9.9581
8.6509
9.2628
8.1829
13.4147
15.1299
11.0199
15.5149
9.2075
10.8892
-1.4633
1.1900
14.8075
8.6215
9.7371
8.3697
24.8024
10.2084
10.3041
12.2892
16.8840
17.9998
301.9638
321.6674
286.2580
296.0264
311.3519
307.5177
306.2139
302.2576
308.8088
283.4504
