1.8451
14.8233
3.5417
2.0496
4.6651
4.0876
1.4300
5.8822
11.4306
4.4052
40.3186
29.5185
6.0044
9.7917
40.5363
8.4537
19.1176
18.2662
10.3806
28.9344
21.8393
10.9900
19.8689
46.5133
7.3855
22.9425
6.0777
17.1898
18.9999
26.1182
7.1191
9.1075
10.6424
16.6143
8.6137
4.6839
32.5179
20.9524
3.8417
22.5503
11.6581
34.4582
32.4098
55.8486
24.0410
43.9860
30.5811
45.6333
29.8922
25.1618
6.4581
27.1124
8.9001
14.8832
24.6989
11.4422
26.0773
24.0837
43.0909
21.7217
4.7304
2.6330
17.4142
14.4689
24.9087
12.1385
24.1001
31.9973
9.1934
22.4225
4.8809
25.8346
3.6972
10.0691
5.3026
16.8601
13.0874
21.5564
22.6766
131.6074
29.9063
21.5634
22.2622
34.0157
7.3258
6.3403
6.6215
14.1690
26.7560
13.5256
20.7294
26.1344
6.2079
14.2387
13.3641
51.1722
29.9018
15.4892
6.2987
12.4814
10.0771
7.5706
16.9287
6.9360
13.0244
6.1760
5.6630
19.7807
2.1476
9.4818
112.9014
105.7364
117.0997
70.7021
145.5404
92.7276
101.1275
51.5663
23.8698
70.9858
11.1882
4.0312
5.2818
2.9045
7.8656
4.2939
7.4001
9.6931
18.9166
7.1245
102.1709
108.5189
5.0712
2.4706
6.3433
7.6331
19.9569
17.5268
18.6257
5.0660
9.8041
3.1375
45.6951
2.3868
16.8624
9.9668
8.7238
2.7163
8.0653
19.7429
25.8044
14.1494
10.2294
12.3974
8.8042
12.1108
6.6682
10.9640
15.4853
10.6777
22.2154
13.3803
25.6669
3.9142
4.8190
7.8245
10.0877
8.1872
17.4759
19.7418
6.6652
17.8575
10.7402
7.6734
2.4376
3.5620
4.8275
9.7549
10.5562
14.6396
12.1012
42.1786
18.3368
29.3829
6.8394
45.5512
5.6867
10.4186
22.6413
19.3733
0.2151
29.1493
28.2821
0.1420
0.0707
0.0589
0.1013
0.6355
0.7380
1.4672
0.9321
8.6288
10.1504
6.2583
2.4521
1.4967
6.1896
0.8222
5.6825
4.2647
28.4789
18.4411
28.7848
23.7160
28.4364
27.1079
16.3278
31.3227
14.4996
10.7357
21.8575
19.0502
23.9746
29.0429
20.4575
29.1519
20.5228
22.3366
1.7095
7.9338
21.8350
17.2660
17.4228
10.9307
38.9966
16.6912
17.6272
24.0509
29.1725
30.0269
0.4923
2.8003
0.6626
0.5991
1.1290
1.1122
0.8231
1.1550
1.6502
0.2818
