-0.1717
-0.9631
-0.2193
-0.1665
-0.3419
-0.2218
-0.1325
-0.3873
-0.5822
-0.2665
-6.1795
-5.9058
-3.5581
-3.6113
-7.3673
-2.3386
-4.4812
-3.7584
-5.1659
-6.9853
-2.8194
-2.1115
-4.5775
-5.5753
-1.1336
-2.1722
-1.2921
-1.6205
-1.6664
-2.0462
-7.7901
-10.2770
-10.9508
-12.2597
-9.9458
-8.4377
-16.1132
-11.9710
-7.9182
-11.7639
-3.5909
-6.7801
-6.8663
-9.5590
-5.8806
-9.3656
-7.5265
-9.9592
-8.8778
-7.1724
-0.5939
-1.9142
-0.9428
-1.8463
-3.0489
-2.2047
-1.9749
-3.7350
-4.3025
-3.3522
-0.7307
-0.3735
-1.3147
-1.1732
-2.2584
-0.9110
-2.3140
-3.9748
-2.2954
-1.7265
-3.4847
-8.6935
-3.0600
-5.5772
-3.6210
-6.7459
-6.5106
-7.6147
-7.3250
-35.3049
-3.7228
-2.5658
-3.0204
-3.3793
-1.5977
-1.3950
-1.3206
-1.7475
-5.0762
-2.1553
-1.2467
-1.7489
-0.8324
-1.1087
-1.0844
-2.5255
-1.7717
-1.0529
-0.6637
-0.9722
-2.6842
-1.6322
-2.6145
-1.4996
-2.1615
-1.3247
-0.6897
-2.7183
-0.8988
-1.7284
-35.2199
-31.0868
-37.2920
-22.6618
-45.5187
-28.5704
-29.7918
-18.3958
-10.5870
-21.7470
-7.7212
-4.6198
-4.4665
-3.8845
-6.0736
-4.2840
-5.8601
-6.6635
-9.1240
-6.3617
-21.3981
-21.0009
-1.9814
-2.0955
-3.8726
-3.1140
-6.3018
-3.9196
-5.3452
-2.0435
-3.9575
-2.1762
-6.8966
-1.8324
-4.0434
-3.8734
-3.8395
-2.4792
-4.2869
-5.1415
-1.6672
-1.2054
-1.2035
-1.1264
-1.0030
-0.8267
-0.6771
-1.3074
-1.3292
-1.3583
-5.1626
-4.2661
-6.1011
-3.4199
-2.7936
-3.9216
-3.2183
-3.8334
-4.8025
-3.8433
-4.9984
-5.4619
-3.5355
-4.2244
-1.9885
-2.7962
-3.2895
-4.2067
-3.7029
-5.3471
-4.3153
-8.6999
-3.7716
-6.1301
-4.1727
-9.6647
-3.3704
-3.4163
-5.8436
-3.2592
-0.1754
-5.8474
-5.3052
-0.1462
-0.0785
-0.0878
-0.0870
-0.3726
-0.2448
-0.4353
-1.8824
-4.4604
-6.7416
-4.2274
-4.4300
-3.1075
-4.0273
-1.3877
-2.6337
-2.8865
-1.8725
-1.8501
-2.5894
-2.5818
-4.5921
-2.5424
-2.7831
-2.5807
-1.7196
-2.0888
-2.2870
-2.0483
-1.2465
-1.7955
-1.2801
-2.2225
-1.7433
-1.2547
-0.2715
-0.7068
-1.6142
-1.7332
-1.5640
-0.8582
-2.2134
-1.0518
-1.0811
-1.8444
-1.6144
-2.1577
-5.4373
-8.6227
-4.5369
-5.5270
-6.8660
-6.4999
-6.0152
-6.1267
-6.7166
-3.6323
