-6.2164
-11.9534
-6.6097
-6.3124
-6.3159
-5.7432
-4.6276
-8.1085
-5.2641
-6.4654
-12.8668
-3.7218
-6.4647
-2.9425
-12.6232
-6.3744
-10.1866
-12.0451
-9.2079
-19.4084
-11.2281
-15.3686
-19.9626
-19.6577
-9.2782
-12.7531
-10.0092
-14.2494
-6.9037
-10.8986
35.8899
48.7097
48.5883
50.1373
53.1144
38.8821
68.2204
57.3767
43.7299
54.1893
-24.8914
-25.1587
-23.9113
-37.0087
-28.3125
-34.2113
-32.1995
-28.3401
-23.7505
-21.3614
-9.7754
-13.7841
-11.8946
-15.3488
-15.3534
-16.4839
-12.1928
-19.4887
-15.0871
-16.9783
-14.0150
-8.0592
-13.9594
-15.7205
-16.2456
-13.4411
-15.6531
-17.9564
-13.3220
-12.4173
-45.1017
-71.5603
-44.8420
-49.2042
-46.0140
-60.9601
-65.3410
-67.8777
-67.6719
-143.4055
-12.9571
-9.9938
-14.2108
-11.0578
-9.9096
-8.2008
-8.3790
-10.5029
-19.2525
-12.2721
-4.8628
-6.2366
-8.3038
-7.9223
-7.9344
-0.8696
-9.1922
-6.4710
-7.2017
-7.2806
-14.6820
-12.3092
-13.0068
-11.7173
-10.7462
-11.2177
-10.5840
-15.1021
-7.0470
-13.1515
-128.8082
-141.7541
-166.6311
-112.1339
-148.9405
-131.1971
-130.6111
-94.6563
-71.6832
-102.4216
29.0648
18.4585
15.7639
14.5420
16.3716
13.5859
21.7931
13.5005
34.8485
30.4741
-51.2752
-36.9176
-4.8985
-10.4131
-2.0911
0.7503
-13.7966
-23.8832
-15.2462
-4.3748
6.0837
-20.6833
4.8552
-8.5754
-7.0009
-15.6074
-23.4324
-8.2451
-18.5671
-21.0951
-6.4238
-15.4242
-17.0811
-10.7932
-13.3989
-9.4017
-8.9169
-5.4635
-15.5517
-17.6404
6.6649
0.5803
9.6322
2.3633
-0.2042
2.8401
1.1829
5.3623
4.3179
1.4318
1.6168
-10.8619
-5.3796
-4.2516
-4.7840
-6.5194
-7.6190
-11.2270
-11.1460
-18.8573
-19.5542
-41.8062
-20.0601
-17.5588
-0.2655
-22.5401
-11.1839
-16.0054
-24.7183
-20.2501
-4.5208
-25.3672
-25.1831
-4.2112
-3.5237
-3.6047
-3.4601
-5.7880
-6.7101
-9.0978
7.0015
4.5962
9.1418
10.0864
13.6337
11.7964
5.6024
5.6683
6.6144
4.7606
-11.5181
-9.2801
-15.5180
-13.6970
-10.6751
-12.0185
-13.9757
-3.0861
-9.5687
-10.1308
-18.2575
-19.0075
-10.9585
-10.7588
-13.0336
-16.7934
-19.1774
-10.0863
-8.5225
-15.1127
-13.6136
-17.2067
-17.0956
-11.3574
-12.1099
-12.9846
-15.2297
-18.8619
-12.2681
-14.2175
55.2678
68.3144
44.6509
53.9212
61.6741
59.7004
58.5615
55.5494
59.8377
43.4922
