-11.5450
-8.5062
-13.2202
-10.0498
-8.3352
-1.4132
-0.8165
-0.7501
-7.4978
-6.7828
-13.4242
-4.4266
-21.8800
-16.6045
-14.2513
-17.5066
-11.0439
-17.6355
-11.5945
-26.9544
-1.8781
-2.3834
-1.6207
-1.2962
-1.9976
-1.5119
-1.8159
-2.1528
-1.1918
-2.1167
-0.8518
-2.3080
-0.8313
-1.0037
-1.9394
-2.7876
-1.8012
-5.7132
-0.8264
-2.8875
-2.1364
-2.4096
-1.5527
-1.7516
-2.6836
-4.1044
-1.9451
-1.9955
-1.4261
-2.8583
-2.5219
-1.5277
-1.1214
-1.1120
-1.6848
-1.5843
-1.0694
-0.6783
-1.1148
-1.7764
-0.2397
-0.9593
-7.3310
-4.3989
-7.2815
-8.3479
-2.6281
-4.0240
-0.5529
-5.1300
-2.4035
-1.5049
-2.0531
-2.2236
-1.5129
-2.7207
-3.8883
-3.3913
-2.4011
-0.9835
