-19.5104
-15.9303
-19.5997
-22.8621
-20.9246
-11.9561
-9.9226
-9.5754
-18.4565
-13.1867
-27.4345
-25.5940
-39.1482
-34.1849
-31.9997
-30.9672
-25.9640
-29.6000
-33.8786
-30.6578
-11.5276
-13.6399
-12.8645
-9.3836
-9.4425
-12.1292
-14.3129
-12.8373
-10.9231
-11.3830
-7.1746
-14.5848
-7.3899
-8.4118
-12.0388
-15.5934
-14.8920
-20.0050
-5.3941
-12.5025
-14.4996
-18.2977
-17.9377
-16.8026
-18.2262
-27.5623
-18.3382
-18.9114
-15.4121
-23.8618
-17.0899
-17.9466
-17.0476
-15.3103
-15.7144
-15.3150
-11.6487
-7.7910
-13.2303
-15.2664
-3.7317
-7.1738
-16.6347
-14.6186
-18.8350
-17.3349
-12.4876
-16.9041
-7.5686
-14.8007
-25.1954
-16.6255
-16.1682
-14.7819
-14.5127
-21.2964
-30.7092
-25.6649
-23.7557
-10.6999
