-90.3829
-81.4692
-96.4655
-81.2768
-78.6513
-37.6774
-9.0087
-23.5491
-77.4997
-72.3415
-74.9752
-42.7766
-117.9717
-94.7209
-68.2508
-81.4207
-76.1199
-100.2328
-65.0799
-107.9198
7.4533
-17.9435
10.4131
1.2056
-0.5667
-9.1114
-3.4927
6.8612
5.2688
-17.9115
-251.4434
-280.5901
-252.3964
-267.3720
-276.9407
-297.7577
-285.7448
-309.6066
-245.9505
-274.1403
-1.1140
-2.0422
0.6877
-0.1887
-3.9914
-11.3026
-0.7654
-1.8925
-0.7431
-6.4352
6.1841
7.7104
14.6679
19.7894
16.2812
8.5731
9.2642
15.1367
15.3702
11.7311
35.4700
7.0361
-59.5713
-31.5592
-41.1353
-54.6766
-44.4651
-40.5691
22.5233
-52.3043
-15.1517
-5.4537
-11.9531
-12.6376
-9.3220
-14.1670
-15.0993
-14.9943
-12.4381
-7.9741
