-29.8482
-41.4283
-27.7371
-18.1417
-21.1760
-28.8058
-4.2141
-19.3343
-34.1932
-34.1216
-9.6297
-10.3084
30.4511
-3.5470
7.0277
-0.7723
-19.2304
-16.1078
7.1539
12.6141
18.8261
-3.0756
20.7264
7.8034
9.6365
-0.1492
9.2387
19.8745
12.1870
-5.1258
-248.6406
-264.9913
-249.1827
-263.7334
-265.0428
-274.3287
-273.3759
-268.2197
-244.0400
-253.9249
13.6735
19.8595
16.0558
14.1145
15.5146
35.4708
16.0786
19.2038
11.3722
26.0187
26.2457
21.1987
21.9824
29.7012
31.2065
24.3926
19.8964
20.2202
25.9958
29.3353
36.6321
13.5458
-9.9587
-7.5303
10.1149
-1.6814
-20.7309
-11.1827
25.5968
-18.3868
-1.0679
-0.3163
-3.2463
-3.7410
-3.0107
1.0448
19.3943
3.9348
3.0612
-5.1538
