60.5347
40.0408
68.7284
63.1351
57.4753
8.8716
4.7946
4.2148
43.3065
38.2199
65.3456
32.4682
148.4228
91.1739
75.2784
80.6484
56.8895
84.1250
72.2338
120.5339
11.3728
14.8680
10.3133
6.5978
10.2032
8.9622
12.7315
13.0132
6.9182
12.7857
2.8029
15.5988
3.2136
3.6385
11.8979
23.4290
12.3689
41.3869
1.9105
20.2154
14.7875
21.9017
15.3681
14.3032
19.5060
46.7733
16.8439
21.0962
12.1153
32.4539
20.0616
13.4882
7.3145
9.9117
14.9253
15.8195
10.6323
5.0835
10.6256
17.6042
1.1620
6.5097
49.6126
24.0289
51.2502
52.9952
23.7342
29.3864
3.0735
33.9175
14.0838
5.1374
8.7068
8.8967
6.3113
15.2118
34.4935
18.9291
15.4993
2.8203
