-19.4861
-15.8462
-19.8437
-17.0234
-15.7517
-6.1081
-4.3099
-4.5972
-15.2685
-14.2309
-22.7888
-10.1047
-31.2752
-25.5031
-23.9558
-23.8082
-20.7727
-28.1301
-16.9243
-34.4351
-3.2273
-3.9851
-3.6903
-4.4308
-2.6471
-4.1627
-3.8743
-3.0861
-2.9501
-3.0620
-6.0787
-11.0083
-5.8891
-7.2224
-9.6988
-11.5379
-10.2785
-16.5106
-6.0227
-10.4475
-1.3456
-1.1859
-1.2936
-1.1304
-1.3739
-2.1469
-1.3528
-1.3330
-1.2775
-1.5563
-7.5455
-8.4987
-8.6420
-7.5054
-6.1222
-4.6431
-3.1201
-2.9894
-5.6832
-5.1479
-2.9712
-2.5843
-15.1958
-9.3436
-15.6523
-15.1551
-8.4635
-10.2156
-5.2078
-11.0550
-8.7124
-5.1842
-5.0899
-5.3089
-4.8509
-7.6953
-11.3423
-7.8328
-7.5918
-3.6018
