-65.6333
-66.2745
-66.5810
-54.9998
-51.7227
-36.2964
-13.1078
-23.8519
-60.0401
-54.4998
-63.4588
-43.4049
-51.9153
-70.0178
-54.6577
-65.1858
-68.1953
-81.2192
-48.5772
-69.2875
2.0742
-15.4734
1.8035
-5.0262
-2.6721
-12.5380
-7.3886
0.8004
-1.9764
-15.3889
-146.8334
-172.2224
-147.5352
-159.7326
-168.8412
-180.0298
-176.0658
-187.0538
-142.6268
-162.3750
-4.7901
-2.8477
-5.3612
-6.0679
-7.4649
0.9892
-6.3076
-3.7646
-7.1113
-3.1259
2.2979
-0.4535
1.2742
8.7359
9.4543
5.2788
3.8844
6.5436
7.0070
7.5559
22.5451
2.1790
-40.3714
-30.5242
-25.1872
-35.0680
-34.8466
-33.5443
13.1853
-41.9890
-32.1935
-20.5883
-22.2470
-21.3800
-19.7431
-25.7483
-22.8405
-27.8618
-26.1841
-16.9300
