-1.1520
-1.1771
-0.6428
-0.6257
-2.8374
-2.7424
-1.6849
-1.6532
-0.6350
-0.6618
-0.6439
-0.6408
-1.2113
-1.1978
-0.6604
-0.6432
-0.5601
-0.5841
-0.5092
-0.5382
-3.5533
-3.2016
-2.0631
-1.8385
-1.0830
-1.0477
-1.8387
-1.6548
-2.5324
-2.2999
-1.9778
-1.8673
-2.4661
-2.2486
-1.4328
-1.3539
-1.1971
-1.1490
-0.9634
-0.9345
-2.5808
-2.4716
-0.9798
-0.9538
-2.8381
-2.7330
-1.2414
-1.1926
-1.7683
-1.6619
-2.5800
-2.5027
-0.8318
-0.7967
-1.9646
-1.8568
-3.3958
-3.1851
-1.3202
-1.2697
-0.3021
-0.2730
-1.1318
-1.0422
-1.1384
-1.0347
-0.8841
-0.7786
-1.2675
-1.1758
-1.2451
-1.0434
-2.3120
-2.2078
-1.4182
-1.2067
-4.2500
-3.7138
-2.2870
-2.0171
-3.4802
-3.3781
-0.7046
-0.7513
-1.1413
-1.1602
-1.1857
-1.2623
-1.4754
-1.5067
-0.9601
-1.0124
-1.1430
-1.1273
-1.2065
-1.2446
-1.7664
-1.7954
-2.3123
-2.2473
-0.8074
-0.7826
-1.3681
-1.3424
-1.7147
-1.7279
-1.6167
-1.6068
-7.1523
-7.0211
-1.6693
-1.6828
-1.9496
-1.9462
-1.0972
-1.0637
-3.4072
-3.3951
-1.7533
-1.7553
-2.5762
-2.5490
-0.7110
-0.6940
-1.6560
-1.6455
-1.8330
-1.8171
-2.2268
-2.2200
-3.0621
-3.0458
-1.5786
-1.5999
-2.7989
-2.8079
-0.4867
-0.4796
-1.3999
-1.3728
-1.6600
-1.6292
-0.8678
-0.8733
-6.5886
-6.4648
-2.5328
-2.3843
-1.3993
-1.3466
-1.5560
-1.4773
-1.6282
-1.5908
-1.7364
-1.6638
-1.6960
-1.6080
-1.0840
-1.0980
-11.2585
-10.3416
-2.8439
-2.7234
-3.1896
-3.1131
-3.1223
-2.9536
-3.5600
-3.3977
-4.0324
-3.9635
-5.4771
-5.1954
-7.2350
-6.6805
-3.8184
-3.6297
-1.9322
-1.8632
-2.7287
-2.5597
-0.7584
-0.7337
-2.4237
-2.3206
-2.2139
-2.1384
-3.1254
-3.0044
-1.9369
-1.8609
-1.5142
-1.4665
-1.6274
-1.5637
-2.0173
-1.9547
-2.2592
-2.1786
-1.7037
-1.7631
-2.1996
-2.2488
-1.7736
-1.8476
-0.9202
-0.9251
-1.2850
-1.3230
-1.4535
-1.4922
-0.8511
-0.8690
-1.8495
-1.9135
-0.5780
-0.5810
-0.7581
-0.7718
-0.4198
-0.4004
-0.3458
-0.3324
-0.9175
-0.8921
-1.5663
-1.4901
-1.4048
-1.3454
-0.4236
-0.4204
-0.8404
-0.8122
-0.8975
-0.8685
-0.4456
-0.4361
-0.6418
-0.6320
-2.5684
-2.4232
-0.7482
-0.7415
-2.1986
-2.0584
-14.2197
-14.0277
-5.8890
-5.7924
-2.0225
-1.9983
-1.1674
-1.1301
-3.2127
-3.1500
-1.4298
-1.4240
-7.2909
-7.0043
-3.9972
-3.9970
-3.6797
-3.6672
-3.1456
-3.1255
-2.7403
-2.7252
-5.2813
-5.2464
-4.7274
-4.7254
-4.8542
-4.8182
-2.5594
-2.5545
-4.5886
-4.5625
-2.5739
-2.5493
-0.7729
-0.7737
-0.4968
-0.4696
-2.8334
-2.7871
-6.6747
-6.4163
-1.8524
-1.7977
-7.5752
-7.3624
-13.1460
-12.8318
-7.8840
-7.7300
-4.2613
-4.1214
-6.4454
-6.2319
-2.2553
-2.2256
-1.9797
-1.9144
-2.8723
-2.7249
-1.1259
-1.1075
-3.5862
-3.4879
-2.7378
-2.5848
-3.1366
-2.9551
-2.0388
-1.9945
-1.6730
-1.5996
-2.1765
-2.0582
-2.3938
-2.1775
-4.3373
-3.7414
-3.7118
-3.3605
-12.7401
-10.8776
-4.9339
-4.2017
-3.9875
-3.2178
-8.5829
-7.0074
-4.3368
-3.5683
-10.5272
-8.9796
-8.5800
-7.1798
-2.1146
-2.1278
-1.8033
-1.8025
-1.8923
-1.9223
-1.7208
-1.7477
-2.2108
-2.2309
-2.9462
-2.9471
-1.6779
-1.7100
-1.6368
-1.6430
-3.2173
-3.2077
-3.0625
-3.0795
-2.4975
-2.4673
-5.0578
-5.0229
-5.0083
-4.9582
-1.8450
-1.8070
-5.2626
-5.2496
-4.7284
-4.7570
-3.2635
-3.2564
-2.3278
-2.3153
-4.6442
-4.6239
-3.3173
-3.2732
-2.3985
-2.2476
-4.0876
-3.8806
-3.6592
-3.4164
-3.4270
-3.2054
-3.0611
-2.9926
-1.6388
-1.5605
-3.3582
-3.3246
-3.0018
-2.8941
-3.1903
-3.0983
-2.0440
-1.9971
-2.5599
-2.6502
-2.6570
-2.7470
-3.3281
-3.4629
-2.7561
-2.8460
-1.8230
-1.8732
-1.3870
-1.4202
-2.3928
-2.4872
-2.1297
-2.1869
-1.0598
-1.0870
-1.9492
-1.9939
-0.8705
-0.8548
-2.5355
-2.4378
-0.7771
-0.7769
-1.3404
-1.2726
-1.7972
-1.6861
-1.6839
-1.5902
-0.9481
-0.9325
-0.7818
-0.7994
-0.6919
-0.7134
-1.0830
-1.0593
-1.4756
-1.4538
-3.0988
-2.9580
-2.5006
-2.4402
-4.0267
-3.8206
-3.5371
-3.3850
-2.1589
-2.1297
-1.0736
-1.0038
-1.9811
-1.8880
-1.8979
-1.8391
-2.5016
-2.3770
-1.1758
-1.1236
-3.0252
-2.8230
-0.5811
-0.5603
-1.6789
-1.5963
-1.5874
-1.5054
-0.3951
-0.3922
-0.9524
-0.8972
-1.0410
-0.9831
-1.2039
-1.1426
-2.5465
-2.2935
-1.7726
-1.7659
-0.6696
-0.6869
-0.8540
-0.8480
-1.7157
-1.7185
-1.5921
-1.5068
-2.4784
-2.2960
-1.4549
-1.3585
-4.5841
-4.1731
-1.0483
-1.0106
-0.5437
-0.5346
-1.1894
-1.1477
-0.5777
-0.5265
-0.4992
-0.4574
-0.6470
-0.5842
-0.8131
-0.7891
-1.8147
-1.7753
-0.7874
-0.7578
-2.3188
-2.2723
-0.9601
-0.9533
-0.4560
-0.4523
-1.4892
-1.5135
-2.4059
-2.3620
-1.4562
-1.4421
-3.1155
-2.9721
-1.6034
-1.5035
-1.8955
-1.8422
-2.3526
-2.3433
-1.8518
-1.7831
-4.1455
-4.0967
-4.3349
-4.2825
-2.7981
-2.7564
-4.8717
-4.8477
-3.4690
-3.4394
-4.0070
-3.9720
-2.4207
-2.3708
-1.9217
-1.8837
-4.3693
-4.3245
-1.4423
-1.4119
-2.2959
-2.2241
-1.4807
-1.4485
