-10.7936
-10.8717
-7.4053
-7.3180
-15.4406
-15.3338
-13.8980
-13.8574
-8.0936
-8.1468
-7.7325
-7.7083
-10.5632
-10.6330
-6.5318
-6.5344
-5.7179
-5.8068
-6.1621
-6.2891
-18.8944
-18.2487
-17.1918
-16.6720
-14.6160
-14.0922
-16.0231
-15.5065
-21.4112
-20.8744
-19.6856
-19.3708
-20.4754
-19.9259
-18.1181
-17.7088
-14.9032
-14.3901
-12.7974
-12.4167
-20.6504
-20.4658
-11.5206
-11.4001
-24.9126
-24.7386
-13.6433
-13.4724
-15.7984
-15.5133
-19.5400
-19.4072
-9.4148
-9.2708
-16.5535
-16.3062
-16.7431
-16.6889
-13.3126
-13.1980
-4.2768
-4.1052
-7.8762
-7.6485
-7.9751
-7.7425
-6.9709
-6.7129
-9.9238
-9.6223
-9.1984
-8.8776
-14.2679
-13.9844
-12.2783
-11.8875
-19.6029
-19.1184
-17.6639
-17.2439
-23.2359
-23.2804
-10.1440
-10.3420
-15.0689
-15.2661
-14.3657
-14.6490
-15.4051
-15.5768
-10.7547
-10.9180
-13.7929
-13.8454
-14.4381
-14.6333
-19.4118
-19.6296
-21.6412
-21.8934
-11.8338
-11.8381
-17.3901
-17.3812
-23.8370
-24.0080
-21.1249
-21.2293
-39.3625
-39.2969
-20.4921
-20.6198
-22.3435
-22.4465
-16.0653
-16.0765
-30.0279
-30.2267
-23.8054
-23.9637
-27.5173
-27.7181
-10.5370
-10.6167
-25.1525
-25.3571
-23.8197
-24.0150
-29.4224
-29.6378
-34.2724
-34.5373
-27.7505
-28.0738
-33.9614
-34.2440
-6.4722
-6.5127
-20.6615
-20.7723
-16.6819
-16.7702
-10.4432
-10.5901
-23.6797
-23.6614
-17.9431
-17.9219
-13.7924
-13.8156
-15.1467
-15.2511
-15.4577
-15.8243
-17.3103
-17.4751
-15.8040
-15.9211
-12.0560
-12.1939
-29.4157
-29.7254
-24.3883
-24.6701
-29.9379
-30.5079
-24.0009
-24.3618
-28.1807
-28.6007
-35.5437
-36.2275
-35.7504
-36.1605
-34.9960
-35.3348
-27.8782
-28.3008
-20.5743
-20.9590
-15.3652
-15.4026
-8.9077
-8.9279
-23.9789
-24.1495
-20.4205
-20.7396
-25.5341
-25.8178
-21.8113
-22.2253
-18.3004
-18.4977
-14.0377
-14.1204
-19.8968
-20.2190
-20.3266
-20.4699
-17.7327
-17.2474
-25.3043
-24.6838
-20.8529
-20.3684
-12.3620
-12.0511
-16.7766
-16.3794
-22.8060
-22.2704
-13.4307
-13.0473
-20.1603
-19.6499
-7.9940
-7.7441
-9.2883
-9.0313
-6.9067
-6.3676
-5.5208
-5.0793
-11.0823
-10.4271
-14.6367
-13.6808
-13.7738
-12.8866
-7.9342
-7.2540
-9.9074
-9.1508
-11.1586
-10.4493
-7.8863
-7.2515
-9.3655
-8.7092
-15.1491
-14.9157
-8.4020
-8.3024
-14.4041
-14.1831
-22.5221
-22.0513
-18.0338
-17.7191
-16.4033
-16.4513
-8.8978
-8.8299
-19.7235
-19.7741
-14.5047
-14.5718
-15.1701
-15.0195
-32.5434
-32.7855
-31.4356
-31.6118
-24.9774
-25.0459
-25.6755
-25.8306
-33.7808
-33.9816
-32.8424
-33.0569
-28.4410
-28.4975
-26.4149
-26.6276
-31.8356
-32.0168
-24.8502
-24.9459
-8.2738
-8.2860
-4.4659
-4.4470
-10.1884
-10.1843
-18.8754
-18.8560
-11.5473
-11.6038
-24.5660
-24.6824
-31.1421
-31.4628
-18.8953
-18.9004
-21.2579
-21.3786
-22.2259
-22.3625
-21.7586
-22.1633
-17.1435
-17.4241
-24.2352
-24.5858
-13.2860
-13.5802
-28.7127
-29.1255
-26.6735
-27.0517
-22.7795
-23.0947
-20.0143
-20.3242
-16.6481
-16.9029
-16.3084
-16.3850
-21.8930
-21.4228
-23.3233
-22.8392
-24.8926
-24.3503
-30.9883
-30.3528
-28.2139
-27.6144
-19.2811
-18.7025
-22.4799
-21.9357
-22.5943
-21.9802
-24.5388
-23.9605
-28.5540
-27.9197
-21.1718
-21.3104
-19.4360
-19.5068
-20.7931
-20.9346
-21.7277
-21.8543
-22.5609
-22.7270
-26.8298
-26.9963
-21.2494
-21.4091
-18.6813
-18.7494
-26.7213
-26.8151
-25.3800
-25.5696
-22.6893
-22.8173
-35.8769
-36.1089
-33.9612
-34.1358
-19.8174
-19.8678
-36.8707
-37.0793
-34.1521
-34.3542
-25.1142
-25.2764
-20.1075
-20.2434
-34.9050
-35.1685
-29.4632
-29.6353
-23.8508
-24.1794
-32.1827
-32.6205
-26.5720
-26.8456
-28.5480
-28.9682
-31.1397
-31.6719
-21.0583
-21.4546
-31.1777
-31.7821
-25.6888
-26.0799
-28.2985
-28.8194
-24.2603
-24.6449
-23.6696
-23.0314
-20.2252
-19.6563
-21.1807
-20.6285
-21.2426
-20.7433
-19.0786
-18.5827
-15.1616
-14.7133
-18.9906
-18.5117
-17.3047
-16.8333
-13.7035
-13.2378
-15.8229
-15.3694
-10.2711
-9.8441
-16.3978
-15.8947
-10.3232
-9.9361
-13.2354
-12.7125
-18.2106
-17.5378
-18.0992
-17.4784
-15.5618
-15.0765
-13.1456
-12.6782
-10.9535
-10.5815
-16.8187
-16.3431
-16.1517
-16.0656
-21.1718
-20.9480
-22.6771
-22.5519
-30.2642
-30.0235
-29.6860
-29.3926
-22.2363
-22.3511
-9.6737
-9.6336
-15.9890
-15.9751
-15.3598
-15.4008
-15.1433
-14.9341
-15.9240
-15.3990
-20.1039
-19.5773
-8.5179
-8.1377
-16.7124
-16.1381
-14.0849
-13.5391
-7.3211
-6.9929
-13.4762
-12.9916
-15.8934
-15.3292
-16.2757
-15.7066
-15.9488
-15.4373
-18.4349
-18.0557
-9.5250
-9.3316
-12.2897
-11.8016
-18.5330
-18.1070
-18.4380
-17.7968
-20.8319
-20.1547
-17.7088
-17.1344
-20.3902
-19.6856
-13.1626
-12.8326
-7.5140
-7.3129
-10.9516
-10.1177
-8.0278
-7.3918
-6.5542
-5.9797
-10.2817
-9.5265
-11.0569
-10.2037
-14.8116
-13.8171
-9.4242
-8.6819
-17.2229
-16.1021
-10.2552
-9.4361
-7.4927
-6.8927
-18.8795
-19.1166
-19.5670
-19.5479
-16.8461
-16.8219
-18.9760
-18.8383
-11.7668
-11.7048
-20.8743
-20.7901
-25.1210
-25.2483
-20.7368
-20.6947
-25.9451
-26.0402
-28.7569
-28.8522
-20.8467
-20.8386
-29.4825
-29.4772
-25.2311
-25.3030
-28.5829
-28.6690
-16.3310
-16.3150
-15.9802
-15.9704
-21.5894
-21.5556
-15.2137
-15.2402
-20.0144
-19.9390
-15.7906
-15.7167
