-5.9612
-6.5455
-4.7261
-5.7509
-13.6873
-14.5441
-9.3983
-10.3680
-1.1870
-1.2835
-4.5186
-5.5662
-7.4295
-8.0432
-4.8382
-5.7101
-0.4975
-0.2409
3.3038
4.6462
6.8764
14.6021
29.1365
40.0504
36.3395
47.0025
12.0796
19.3665
40.6769
54.5286
52.5117
67.4537
22.9237
33.3662
58.8867
74.8935
34.4918
44.3794
52.9310
65.8165
-14.4046
-16.4740
-4.2021
-5.2344
-20.3150
-22.9515
-8.3068
-10.0996
-10.7719
-12.4924
-9.8086
-11.0154
-3.2391
-3.8925
-9.4298
-10.2758
-21.2667
-24.9583
-8.7995
-11.0517
-204.8209
-204.7152
-245.1278
-246.5831
-253.6602
-255.7297
-253.2970
-255.8242
-278.8249
-280.8006
-279.6201
-282.8504
-280.8745
-280.8664
-291.9730
-293.3459
-343.7300
-350.5752
-294.7980
-293.9902
-1.6471
2.1477
12.2267
16.0624
16.7242
22.8625
10.0404
14.1792
8.5306
12.7349
5.4886
7.7456
10.2618
14.4334
9.4237
13.1199
14.2230
20.6918
10.1325
15.6805
-0.4750
-0.5578
-7.4445
-8.6874
-2.8036
-2.7544
-6.6154
-7.4810
-37.7555
-39.9434
-6.4785
-7.2530
-5.0414
-5.1495
-5.3504
-6.4468
-13.3485
-14.0300
-6.3019
-6.9016
-7.3909
-7.4338
-0.7770
-0.7310
-5.3347
-5.4617
-4.7593
-4.8252
-7.0759
-7.1087
-8.3894
-7.8861
-0.7865
0.3258
-6.1506
-5.5492
-0.5497
-0.6323
-3.7532
-3.7879
-15.5238
-18.4487
-3.1125
-3.1136
-28.9725
-32.7337
-7.9882
-9.1777
-8.9723
-10.6976
-11.4424
-12.9775
-0.9416
2.4511
-7.8894
-9.2129
-11.3546
-13.3187
-8.5570
-9.9237
-45.6436
-49.5363
-22.2420
-23.9171
-29.4189
-31.3831
-30.5700
-33.3356
-29.6314
-31.8108
-35.9896
-38.4678
-40.1040
-42.9583
-39.1112
-41.6986
-32.8496
-35.9445
-20.7520
-22.3299
-24.4954
-27.5963
-11.8763
-14.0663
-32.7647
-37.4303
-32.2524
-35.8832
-33.0905
-37.1958
-48.4262
-55.1676
-23.4081
-26.3494
-21.6181
-24.7128
-54.3882
-63.1510
-29.3195
-33.9226
15.7877
17.0492
22.4148
26.0416
17.1181
19.0681
15.1548
16.2589
19.9913
22.1494
33.5633
39.6925
19.7246
21.7661
18.0789
20.2968
15.2580
16.9715
13.1348
13.8835
290.0447
296.2361
274.1326
279.5126
292.6822
299.5756
323.5878
332.2355
306.1568
312.5002
329.7500
339.2526
317.8453
325.6489
302.3819
309.5151
304.5903
311.4196
297.3288
302.8954
-4.9795
-2.3367
-0.4665
0.7114
-14.2281
-16.1463
-32.9976
-32.3415
-18.9392
-19.7508
-4.0209
-3.7654
-2.1432
-2.2673
-5.7303
-4.9259
-3.3288
-3.1796
-34.9069
-41.7898
-17.7283
-19.0605
-17.5494
-18.9358
-13.6988
-15.2789
-11.7904
-12.9732
-20.8064
-21.9524
-19.6693
-21.1697
-19.4665
-20.7747
-11.9049
-13.2523
-19.8642
-21.5996
-11.5889
-12.6755
-8.8866
-11.5045
-6.5101
-7.8237
-33.7974
-41.7146
-26.6881
-28.6369
-19.4520
-23.0674
-59.3310
-70.1339
-75.4921
-84.7800
-46.8130
-55.1730
-39.3558
-47.5273
-44.2610
-52.9944
-15.9972
-17.6336
-12.4058
-14.2558
-47.5078
-54.4785
-38.2189
-44.5189
-22.4203
-25.3854
-25.3462
-28.4133
-35.0610
-41.2568
-16.2035
-18.6361
-16.7855
-19.3987
-4.3025
-5.0849
-304.0112
-303.7859
-329.6334
-334.2523
-333.9725
-335.7221
-397.6825
-404.8509
-393.6249
-402.0727
-342.2332
-346.5001
-361.8102
-367.9644
-329.4631
-331.3892
-368.1934
-374.3999
-374.3000
-377.7621
-6.0089
-5.9777
-5.4723
-5.7065
-3.5260
-3.1253
-4.0642
-4.0490
-5.2276
-4.9015
-11.2208
-11.4527
-2.4036
-2.0631
-4.6232
-4.7096
-12.2897
-12.4462
-10.1191
-10.1457
-9.8325
-10.9629
-21.2349
-22.6348
-20.1173
-21.5168
-7.3624
-8.1496
-20.2980
-21.8023
-18.5741
-20.1906
-13.1811
-14.5425
-9.0799
-10.2133
-18.3734
-19.7567
-14.5432
-15.7676
-14.8160
-16.2844
-18.4943
-19.4449
-10.8236
-10.7952
-13.6040
-14.2293
-13.8748
-14.8678
-12.3182
-13.6565
-16.8502
-17.5412
-8.2164
-7.9357
-12.6533
-13.1650
-4.2299
-3.9545
-5.1403
-7.3796
6.5635
6.4413
0.6456
-0.2246
3.9963
3.3593
0.1639
-1.3340
1.5337
0.0358
9.8192
10.1710
5.2223
4.4044
4.0948
2.9886
10.0030
10.1993
-1.0327
0.1750
4.5530
9.4121
20.9008
26.1425
11.7396
16.3841
-5.7504
-4.3419
18.1088
24.1780
17.6487
21.9962
26.9629
32.7198
38.1001
45.4756
45.4134
56.4702
-7.9021
-9.7220
-12.6779
-13.6359
-13.6832
-15.2754
-10.4289
-9.8615
-16.4303
-17.5931
8.6144
12.7010
9.1400
11.7989
7.1084
9.7884
9.5634
13.0783
-7.9811
-8.6081
10.5876
13.7669
-5.9653
-3.6111
4.5611
5.8085
8.3896
11.6533
2.0855
3.8175
11.5057
13.7233
6.9172
9.1549
9.0766
11.8878
9.9221
13.4476
-3.6454
-1.8103
41.3211
50.6737
54.4513
64.0395
18.6680
23.8619
44.8350
54.9487
9.2461
13.5322
-6.4747
-4.0942
11.1911
15.9293
-22.7456
-20.8674
49.2429
59.4155
47.8065
56.7856
287.0191
289.9315
288.0824
291.8647
266.4256
267.7716
299.9869
303.4774
300.7866
303.9768
315.0713
319.9695
293.5713
296.3911
318.5319
323.5953
293.4097
296.2663
291.3254
295.4538
-1.3207
-0.1891
-5.9702
-5.3088
-7.6370
-8.8733
-12.2207
-14.0594
-9.5113
-11.8390
-5.7913
-5.8759
-9.4144
-9.7753
-9.3669
-10.7881
-22.2172
-24.2137
-22.2133
-24.1446
-6.7448
-6.5527
-15.4691
-15.9193
-9.1722
-8.7921
-14.3010
-14.8094
-5.7706
-5.4482
-4.6640
-4.3440
-7.2007
-5.8566
-2.5874
-2.0037
-2.1748
-0.5855
-4.6701
-4.9845
