4.2228
3.7085
-1.8757
-2.9078
20.5947
19.6131
7.6703
6.6196
2.6228
2.5282
-1.4832
-2.5171
2.6901
2.1487
-2.2169
-3.0774
2.9215
3.2142
7.0774
8.4218
36.3811
42.5025
48.1213
57.7568
48.4121
58.0141
32.6193
38.3461
72.3630
84.4700
82.4909
96.0445
50.5359
59.2337
80.6919
95.5136
45.5448
54.6494
61.8742
74.2077
8.6671
6.5258
1.3438
0.3076
13.3042
10.6336
-0.0843
-1.9251
3.3352
1.4822
14.7550
13.5561
3.4706
2.8315
9.4484
8.4617
4.5994
0.8490
-0.8038
-3.0919
-202.8175
-203.0187
-235.8266
-238.1500
-244.2117
-247.0668
-247.3914
-250.6327
-269.6394
-272.5865
-270.8438
-274.7971
-260.9256
-262.3918
-284.3255
-286.4484
-312.7220
-321.8899
-273.2034
-274.2376
32.8440
36.5685
18.5629
22.4433
27.2676
33.3875
22.2971
26.5390
23.1532
27.4717
12.7523
15.0649
21.1187
25.2485
22.0918
25.8761
32.0365
38.5726
46.7904
52.5257
2.7399
2.6730
2.9736
1.8050
9.2227
9.3417
6.5903
5.8297
43.7681
42.0052
7.3749
6.7060
9.9269
9.9170
0.4346
-0.6072
20.6633
20.2082
8.0951
7.6050
14.6863
14.7926
1.9301
1.9924
9.3079
9.3133
9.7295
9.7865
14.0833
14.2374
22.2633
22.9568
15.9730
17.2110
20.8100
21.6422
0.0139
-0.0629
7.5690
7.6110
4.5549
1.5153
6.3613
6.3942
26.2789
21.8982
15.7655
14.2044
3.3322
1.4711
8.0664
6.5041
28.5639
32.2154
13.4587
12.0047
9.3045
7.2039
1.9169
0.5378
15.3097
11.9821
2.6437
1.3129
5.0937
3.7865
-3.0224
-5.4006
3.0008
1.2690
11.8156
10.2354
18.3059
16.3442
19.4306
17.4833
3.2361
0.8731
-4.8335
-6.1351
-3.8920
-6.7588
-9.4194
-11.5819
-10.0481
-14.4645
-10.2734
-13.3637
-6.7500
-10.4069
-25.6403
-31.9247
-11.2927
-14.1444
-10.8581
-13.8051
-38.7500
-47.2586
-12.4377
-16.8450
26.4154
27.4118
40.7831
43.6806
31.8872
33.4687
19.6164
20.6417
29.3419
31.3081
47.9074
53.0869
24.1491
26.0657
31.9578
33.7004
16.5310
18.1912
17.4092
18.0865
292.8229
298.8000
275.8113
281.1410
302.6995
308.8634
337.9805
345.5802
320.5466
325.8321
332.1498
341.5123
323.0347
330.6125
311.8599
318.3370
308.1904
314.7284
303.1636
308.2847
17.3480
19.8769
6.7346
7.9038
1.8864
-0.2681
40.5761
40.2192
17.7863
16.3828
13.7197
14.0659
2.9849
2.8396
18.6246
19.5083
9.2630
9.5079
-0.9379
-8.0664
17.0491
15.9374
17.7047
16.5206
9.6073
8.1321
9.2596
8.2225
26.9405
26.0782
21.6363
20.4562
20.5882
19.3813
8.8583
7.6391
18.6401
17.1732
9.6468
8.6790
-2.6518
-5.2220
-5.1001
-6.4244
-20.7191
-28.6581
12.3406
9.9844
-8.9594
-12.6732
-9.1930
-20.1641
18.7451
8.9799
-3.1171
-11.6826
-4.4793
-12.8896
-1.6793
-10.6011
7.4674
6.3505
-1.2167
-2.9100
-21.4815
-28.0923
-30.3361
-36.4839
9.1277
6.7542
5.3366
2.9111
-10.8695
-16.6306
-0.7624
-2.8595
-5.8711
-8.2858
7.9277
7.1951
-282.8213
-284.1083
-293.5392
-300.3970
-298.6271
-302.8357
-316.9458
-327.3361
-342.6155
-354.6246
-314.6399
-320.7785
-314.6496
-322.9180
-298.7422
-302.6185
-309.5288
-318.1290
-314.9250
-321.6781
12.9932
13.1107
9.8172
9.6544
13.6322
14.1484
9.5582
9.6007
14.9214
15.3843
18.9478
18.8970
9.6897
10.0949
11.0185
10.9927
20.9622
20.9310
19.6091
19.7202
7.0764
6.0347
26.2443
25.1472
23.2117
22.0289
3.8469
3.0980
23.0268
21.6577
19.1795
17.6550
10.4799
9.2304
5.6011
4.5233
22.0563
20.9044
12.6794
11.6473
3.2108
2.0933
21.7756
21.7278
26.4265
27.0047
20.2749
20.1890
14.0624
13.7005
-1.0476
-2.1408
16.4732
16.4928
19.5251
20.2597
13.0158
13.0173
13.6836
14.3123
16.2004
13.3728
26.0735
25.3673
26.7139
25.2064
28.5902
27.3481
15.7184
13.8387
10.9839
9.1841
30.3951
30.1496
21.3996
20.1194
10.6318
9.2299
23.6044
23.4393
4.3478
5.1978
28.7999
32.5660
26.3864
31.2896
21.9860
26.1474
11.1403
11.2156
35.6356
40.3280
30.9949
34.4416
33.7757
39.1108
44.1743
51.0668
60.8231
70.7127
1.1553
-0.6208
18.6006
17.5745
10.6683
8.9804
27.9375
28.3900
18.7884
17.5105
29.2137
33.3026
14.4844
17.1242
20.1606
22.7828
23.1223
26.5811
7.3671
6.7080
20.0642
22.5692
22.4319
23.4335
7.4705
8.5798
23.0629
25.6407
12.6319
13.8664
13.0807
15.1382
14.3970
16.1060
18.1747
20.4144
21.1764
23.7880
15.8498
16.5958
59.5034
68.1540
59.5466
68.9560
25.1967
29.9365
64.1842
73.4029
30.8561
33.5031
20.7382
21.5186
28.4549
32.0720
13.2782
13.5059
60.0497
69.6136
50.6862
59.4784
297.1354
299.1885
292.7771
296.1306
269.7375
270.8215
307.1131
309.9058
307.5177
310.2097
330.6400
334.6331
299.1818
301.6353
339.1659
343.0233
300.1616
302.6630
294.4866
298.4130
12.9734
14.1425
20.1448
20.9363
7.4419
6.2881
11.0719
9.3182
-0.9408
-3.1644
14.3439
14.4025
16.3084
16.2297
9.3751
8.0745
19.1701
17.2542
19.3686
17.5963
9.8573
10.0654
23.0826
22.7858
15.5381
16.0139
17.5474
17.1135
9.5209
9.9386
6.3854
6.7933
22.1696
23.6587
4.6696
5.3167
15.5040
17.0575
3.1037
2.8381
