10.1840
10.2540
2.8504
2.8430
34.2820
34.1572
17.0686
16.9876
3.8097
3.8117
3.0355
3.0491
10.1196
10.1919
2.6214
2.6327
3.4190
3.4551
3.7736
3.7756
29.5046
27.9004
18.9848
17.7064
12.0725
11.0116
20.5397
18.9795
31.6861
29.9414
29.9792
28.5908
27.6122
25.8675
21.8053
20.6202
11.0530
10.2700
8.9432
8.3912
23.0717
22.9997
5.5458
5.5420
33.6191
33.5851
8.2225
8.1745
14.1071
13.9746
24.5636
24.5715
6.7097
6.7240
18.8782
18.7375
25.8661
25.8073
7.9957
7.9598
2.0035
1.6965
9.3012
8.4331
9.4485
8.6629
5.9055
5.1914
9.1856
8.2141
8.7763
8.0533
19.9488
18.4747
7.6475
6.8975
31.0080
28.6853
21.5946
19.7526
34.4911
34.4208
6.3362
6.3810
10.5434
10.5249
12.2567
12.3598
14.6226
14.7368
7.2636
7.3193
10.8569
10.8151
12.6682
12.7562
17.8135
17.8808
36.6578
36.8452
3.2149
3.2308
10.4181
10.4924
12.0263
12.0961
13.2056
13.3107
81.5236
81.9487
13.8534
13.9591
14.9683
15.0665
5.7850
5.8397
34.0117
34.2381
14.3970
14.5066
22.0771
22.2263
2.7071
2.7234
14.6427
14.7750
14.4888
14.6117
21.1591
21.3461
30.6527
30.8429
16.7596
16.8852
26.9607
27.1914
0.5636
0.5693
11.3222
11.3989
20.0787
19.9639
9.4738
9.5078
55.2514
54.6319
23.7537
23.3821
12.3045
12.1686
19.5087
19.4816
29.5055
29.7643
21.3481
21.2176
20.6592
20.5227
10.4739
10.4616
60.9533
61.5184
24.8857
25.2300
34.5126
35.1696
27.5476
27.9350
32.6322
33.0798
47.8052
48.7032
58.4099
59.3025
58.5419
59.1819
36.0857
36.8176
15.9185
16.1948
20.6034
20.8375
2.4569
2.4844
22.7166
22.9657
21.9790
22.5196
26.3405
26.7889
22.7859
23.2429
12.1154
12.2050
10.7600
10.9077
15.6382
15.8924
16.8819
17.0776
10.6277
10.3626
18.3683
17.6391
14.7691
14.4005
4.4616
4.3828
9.3506
9.1587
14.3441
13.3945
4.4245
4.2997
13.8789
13.4036
1.2730
1.2198
4.2744
4.2030
2.7782
2.5639
1.6787
1.6284
10.0173
9.2878
14.3927
13.3446
14.3898
13.3319
2.3998
2.2597
5.1894
4.9636
9.4780
8.8219
3.6001
3.3088
5.8348
5.3893
22.3275
22.2136
7.2012
7.1923
16.1145
15.8782
73.5737
72.5607
36.7255
36.1336
17.7406
17.8313
5.1281
5.1069
24.3549
24.4342
12.5918
12.6875
33.9690
33.7234
34.7775
34.9978
35.2540
35.4564
23.3061
23.4110
21.0500
21.1957
47.7469
48.0306
41.3056
41.6258
40.0547
40.1560
20.7632
20.8914
38.5043
38.7728
21.2358
21.3545
6.2348
6.2825
1.4099
1.3992
13.0783
13.0565
39.0287
38.6214
10.4926
10.3942
50.1380
49.9697
94.2373
93.7599
43.6958
43.4904
34.8765
34.6376
42.5817
42.3933
23.4646
23.9842
11.1891
11.3458
26.0262
26.3861
7.8828
8.0350
31.5479
32.1396
30.6828
31.3244
24.1915
24.6262
15.4411
15.7766
10.9144
11.1129
12.2302
12.2801
21.1899
19.6776
36.0942
33.8553
35.3454
32.8864
80.7367
77.5148
51.0094
47.4481
27.5933
25.7216
47.1606
45.0464
30.7210
28.7708
58.6646
56.2709
59.3750
56.0840
19.0021
19.0884
15.2895
15.3609
17.1582
17.2738
13.6224
13.6496
20.1491
20.2858
30.1686
30.3497
12.0933
12.1580
15.6417
15.7023
33.2518
33.3771
29.7283
29.8659
16.9090
16.9977
47.4792
47.7820
43.3290
43.5457
11.2093
11.2476
43.3248
43.4599
37.7536
37.8456
23.6609
23.7728
14.6811
14.7365
40.4297
40.6611
27.2226
27.4149
18.0268
18.3776
40.2699
41.1727
37.2501
37.7999
33.8788
34.4183
27.9372
28.5683
11.2706
11.5158
33.3235
34.0340
27.7416
28.1953
25.6691
26.1823
17.9135
18.2668
21.3407
20.7524
19.5100
18.9260
26.0684
25.4310
24.5939
23.9888
15.5544
15.1727
9.4502
9.1482
20.5758
19.9787
16.1773
15.7149
6.5370
6.2413
13.6014
13.2400
5.3805
5.0228
24.2469
23.1539
5.4856
5.1471
10.2465
9.7633
16.8908
15.5575
17.5268
16.1499
13.3461
12.4454
6.8128
6.3910
6.0742
5.5911
15.4097
14.2426
9.0574
9.1011
31.2786
31.2105
24.3516
24.2557
38.3664
38.2515
35.2188
35.1036
20.5992
20.6017
5.3444
5.3252
13.0522
12.9944
13.5589
13.5027
15.3482
15.3160
9.4767
8.8022
28.3971
27.0445
2.9094
2.7714
14.6733
13.9875
10.5464
10.0490
1.5750
1.4149
7.4797
6.9511
9.0981
8.5266
11.2542
10.3404
19.4952
18.4060
18.1823
17.4803
5.0953
4.9165
6.5286
6.0746
19.3492
18.4542
21.6100
19.9709
27.2129
25.6127
17.2638
16.1427
36.0238
34.3733
10.8068
10.1981
2.8797
2.6928
10.1164
9.2569
4.6947
4.2659
3.3119
3.0499
7.1261
6.4284
6.7312
6.2329
15.5687
14.6636
5.6105
5.2442
20.6339
19.4280
6.7520
6.3967
3.1612
2.9592
14.2941
14.3315
26.1150
26.2451
15.0789
15.1614
23.2926
23.3776
8.5706
8.6746
20.1351
20.2784
25.7227
26.0050
18.7420
18.8626
41.3873
41.4679
41.5819
41.7408
16.6020
16.6182
38.5518
38.7050
24.7102
24.8060
31.8484
31.9228
15.2916
15.3868
11.0494
11.1373
29.3703
29.5153
7.2570
7.3204
17.6788
17.6430
7.7738
7.8226
