-0.7995
-0.2253
-0.2078
-0.1247
-1.1187
-0.7378
-0.4538
-0.3451
-0.2086
-0.1029
-0.1415
-0.1082
-0.6160
-0.2192
-0.1155
-0.0914
-0.3679
-0.0697
-0.5293
-0.0819
-2.1800
-0.8641
-2.6689
-0.4468
-2.5451
-0.2932
-2.2558
-0.4955
-4.2254
-0.8768
-5.6851
-1.2559
-3.6570
-0.7023
-4.3515
-0.5810
-2.0329
-0.2815
-2.7519
-0.2240
-1.0899
-0.5352
-0.6832
-0.2111
-1.4238
-0.8785
-0.8852
-0.2775
-1.3895
-0.3827
-1.0726
-0.6215
-0.6667
-0.1661
-1.5167
-0.4773
-2.3184
-0.8541
-0.6694
-0.2748
-0.1421
-0.0556
-1.2426
-0.1625
-1.1625
-0.1781
-0.7519
-0.1126
-1.4324
-0.1988
-1.1233
-0.2166
-3.2821
-0.5549
-1.0180
-0.2622
-5.0692
-0.9549
-3.5828
-0.5743
-2.5224
-1.2051
-1.1103
-0.1814
-1.4792
-0.3087
-2.0665
-0.4340
-1.5308
-0.5162
-0.9357
-0.2061
-0.5319
-0.2570
-1.6307
-0.4228
-1.8977
-0.6300
-3.1941
-1.6619
-0.2728
-0.2235
-0.4267
-0.3865
-0.9023
-0.5261
-0.6935
-0.4966
-2.8176
-2.4600
-0.7202
-0.4872
-0.7760
-0.5852
-0.3627
-0.3137
-1.3394
-1.0701
-0.8909
-0.5506
-0.9295
-0.6130
-0.1350
-0.1507
-0.8006
-0.4993
-0.7555
-0.4840
-1.1694
-0.6899
-1.8666
-1.0233
-1.5774
-0.5333
-1.7805
-0.8347
-0.0656
-0.0643
-0.4632
-0.4026
-1.3090
-0.5028
-1.1933
-0.1802
-4.1198
-2.9696
-1.6323
-0.8685
-0.9412
-0.3446
-1.5720
-0.4722
-3.4810
-1.3455
-1.5179
-0.5299
-1.5769
-0.5063
-0.9358
-0.2332
-7.0023
-3.2927
-1.6235
-0.7184
-1.3296
-0.9588
-1.6030
-0.8071
-1.9274
-0.9843
-1.6384
-1.2902
-3.3400
-1.5693
-4.7916
-1.9459
-1.7507
-0.8294
-0.7386
-0.4833
-1.5008
-0.5497
-0.4188
-0.1600
-2.0193
-0.6497
-1.5769
-0.7055
-2.0790
-0.7963
-1.5838
-0.7420
-1.3604
-0.4078
-0.7694
-0.3070
-1.0639
-0.4568
-1.3993
-0.5195
-0.6901
-0.4239
-2.6238
-0.6436
-1.1458
-0.5217
-0.2554
-0.2297
-0.5213
-0.3795
-4.7892
-0.5136
-0.2889
-0.2553
-1.2126
-0.4772
-0.1115
-0.1269
-0.1530
-0.1367
-0.2846
-0.0842
-0.0795
-0.0696
-1.3891
-0.2023
-2.0912
-0.3447
-1.7609
-0.3322
-0.2565
-0.0947
-0.3608
-0.1605
-1.0344
-0.2077
-0.3868
-0.0988
-0.7778
-0.1436
-1.2552
-0.6049
-0.2171
-0.1366
-1.3405
-0.5518
-8.0958
-5.4808
-4.1525
-2.4336
-1.2095
-0.4687
-0.3730
-0.1734
-1.6120
-0.7016
-0.8294
-0.3487
-3.9680
-1.8327
-1.3946
-1.0726
-1.4025
-1.1331
-0.9736
-0.7639
-0.9133
-0.6642
-1.8483
-1.3399
-1.7542
-1.3339
-1.4971
-1.2139
-0.9560
-0.7194
-1.4534
-1.1635
-0.8278
-0.6781
-0.4012
-0.1610
-0.0740
-0.0645
-1.5649
-0.5306
-3.6927
-1.8542
-1.1674
-0.3196
-4.8760
-2.2796
-10.0185
-5.7668
-4.1805
-2.1109
-2.6523
-1.1166
-3.6903
-1.6855
-1.4074
-0.6446
-0.9729
-0.3615
-2.1081
-0.7285
-0.6385
-0.2613
-2.5663
-0.9334
-2.1710
-0.7742
-2.4397
-0.7029
-1.3521
-0.4950
-0.9815
-0.3192
-1.9167
-0.4921
-2.2312
-0.5946
-4.3625
-1.1502
-3.9105
-1.1019
-10.0138
-3.8960
-5.7002
-1.6406
-3.1342
-0.9039
-6.1662
-2.0421
-3.4113
-1.0055
-8.7311
-3.1222
-6.8485
-2.2332
-0.8995
-0.5451
-0.6875
-0.4321
-1.0496
-0.4999
-0.8733
-0.4590
-1.0029
-0.5868
-1.3941
-1.0003
-1.0095
-0.4357
-0.7352
-0.4544
-1.3751
-1.0985
-1.3635
-0.8737
-0.7609
-0.6155
-1.8650
-1.5124
-1.6701
-1.3166
-0.6056
-0.5175
-1.9848
-1.4730
-1.8102
-1.4024
-1.0824
-0.8930
-0.7545
-0.6061
-1.6589
-1.3184
-1.2267
-1.0820
-1.9378
-0.5769
-2.5218
-1.0336
-3.0198
-0.9981
-2.7697
-0.8912
-1.4117
-0.7762
-0.6678
-0.4220
-1.4234
-0.8407
-1.7917
-0.7377
-1.4774
-0.6818
-1.3656
-0.5853
-1.0819
-0.7910
-0.9388
-0.6923
-1.1010
-0.8974
-0.9518
-0.6911
-0.7318
-0.5335
-0.4607
-0.4094
-0.9398
-0.6912
-0.6902
-0.5500
-0.3290
-0.3192
-0.5871
-0.4414
-0.3805
-0.2056
-1.7131
-0.7070
-0.4554
-0.2017
-0.4777
-0.2905
-1.8204
-0.4488
-2.1017
-0.4696
-2.0320
-0.3691
-0.7483
-0.2101
-1.2534
-0.1582
-3.0482
-0.3544
-0.5103
-0.3475
-1.7657
-0.7963
-1.6268
-0.8985
-2.1879
-1.2372
-2.5752
-1.2018
-1.6125
-0.6035
-0.4413
-0.1696
-1.0554
-0.3905
-0.9871
-0.3760
-2.0559
-0.9066
-1.4917
-0.3060
-3.1642
-0.9578
-0.1627
-0.1379
-1.2703
-0.3638
-0.6235
-0.3113
-0.1562
-0.0971
-0.9743
-0.2393
-1.0905
-0.2973
-1.7705
-0.3174
-1.7722
-0.5364
-2.7013
-0.5557
-1.3182
-0.1499
-0.8286
-0.2054
-2.7115
-0.5342
-2.3373
-0.5923
-2.1392
-0.8335
-1.9399
-0.4176
-2.3902
-1.0689
-2.2729
-0.2862
-0.8281
-0.0937
-1.0407
-0.2070
-1.2564
-0.0994
-0.1845
-0.0888
-2.5099
-0.1412
-0.9716
-0.1946
-1.9925
-0.4247
-0.4825
-0.1665
-2.0020
-0.5885
-0.3791
-0.2197
-0.3128
-0.0975
-1.2988
-0.4115
-0.7544
-0.5879
-0.4873
-0.3783
-1.2191
-0.5989
-0.7819
-0.2949
-0.7001
-0.4543
-1.0311
-0.6847
-0.6759
-0.4726
-1.2657
-1.0447
-1.5204
-1.1698
-1.0279
-0.7048
-1.7685
-1.2705
-1.2442
-0.8820
-1.5153
-1.1159
-0.6146
-0.3774
-0.4731
-0.3395
-1.2336
-0.8735
-0.3549
-0.3057
-0.7399
-0.4577
-0.5679
-0.3804
