-3.3562
-5.8594
-6.1152
-7.6846
4.2375
2.4561
-4.4597
-5.4309
-4.2260
-5.8756
-5.8284
-7.4479
-5.0400
-6.7147
-5.4965
-6.2024
-1.8781
-4.1048
-0.3098
-4.0236
-4.0960
-8.2607
3.6429
-9.1941
7.6858
-8.7196
0.3944
-7.0599
15.6172
-3.0807
23.9445
2.7639
7.3959
-6.9909
18.7720
-3.9352
4.6164
-10.4327
12.0103
-7.8199
-7.4353
-10.4999
-6.4218
-10.3941
-5.5645
-8.0655
-7.4002
-12.0402
-6.5098
-11.8642
-3.5455
-7.0184
-2.8892
-5.6479
-3.3825
-8.5504
-7.7379
-8.6381
-7.2342
-10.4613
-3.3725
-5.7423
-3.2070
-6.3445
-5.4094
-6.2778
-3.7083
-7.8348
-5.2190
-9.3942
-10.7070
-8.9710
-3.9436
-7.4048
-12.8153
-14.5639
-26.1710
-12.5555
-8.5073
-12.2102
-2.2058
-8.4985
0.3689
-6.9456
-0.7173
-10.2760
1.6974
-7.8634
-1.7647
-7.7479
-1.6721
-7.2449
-4.1255
-7.2531
-0.7823
-7.8811
-1.3984
-10.5051
10.6888
-0.1752
-9.8833
-10.7783
-12.5671
-13.9265
-14.9141
-19.7775
-13.2715
-16.1099
-0.7772
-2.0641
-11.5332
-14.9598
-13.9841
-16.7848
-13.0626
-14.8149
-10.9528
-14.0275
-14.1344
-18.6476
-14.2886
-18.0962
-9.0364
-9.5760
-15.2600
-19.5715
-14.0054
-17.9414
-15.6591
-20.4830
-13.9215
-20.4174
-11.8898
-19.9707
-14.8335
-22.5157
-6.6027
-6.3054
-13.6242
-16.6861
-3.3398
-11.4294
1.2077
-6.8127
5.2677
2.8044
1.3406
-6.1548
-4.6814
-11.9363
-0.0462
-7.3066
13.6090
4.4796
1.6672
-6.9971
1.4875
-7.5119
-3.4259
-9.3803
-11.8799
-7.9481
-14.0110
-14.6227
-14.6602
-12.7491
-14.1790
-12.4163
-16.3224
-15.2444
-14.8340
-12.5514
-10.1647
-10.3917
-12.8245
-11.3326
-13.2530
-11.2823
-13.3414
-11.4938
-6.1704
-6.9556
-7.5374
-8.3568
-12.6751
-16.2598
-7.4172
-6.2130
-12.6300
-11.6393
-14.6396
-11.5296
-11.6420
-14.9523
-9.1291
-9.6056
-18.5481
-16.4709
-13.1387
-16.4318
-9.6133
-13.0355
-3.2342
-16.9128
-7.0297
-14.0151
-9.2833
-9.8785
-9.6589
-11.4692
5.9607
-14.6344
-9.6214
-10.6601
-6.9086
-13.6592
-7.4881
-7.3771
-6.3266
-6.9427
3.7089
-0.9122
-0.7034
-0.3515
6.8016
-1.4261
9.4923
-2.9927
7.3561
-2.0590
3.2322
-1.3470
3.1964
-2.2109
3.8447
-2.0474
3.1065
-1.7550
3.2571
-2.1716
-6.0582
-5.1077
-5.0729
-3.5295
-7.8649
-8.6012
-0.9801
-0.5149
-6.4652
-5.3516
-7.4183
-8.2465
-7.6239
-8.0320
-8.3797
-10.7602
-7.7885
-9.4814
-17.2840
-13.0631
-14.6772
-16.1874
-13.9863
-14.7079
-14.7723
-15.2241
-15.1096
-17.1794
-9.6996
-11.6908
-11.9495
-13.8264
-10.3315
-11.3793
-15.6438
-17.7523
-13.9131
-15.0275
-14.4964
-16.1434
-4.0406
-6.9712
-5.0268
-4.6730
-17.1335
-12.0207
-13.7935
-11.4196
-11.0755
-11.5722
-21.0583
-15.5532
-13.3789
-7.3827
-15.6394
-11.5085
-10.1504
-8.3771
-13.1701
-11.9697
-10.1737
-11.6151
-10.4867
-13.7173
-17.1015
-14.4906
-12.0764
-11.0584
-14.7454
-16.7938
-11.6676
-13.8831
-16.8657
-15.9468
-13.7212
-15.5249
-11.0722
-13.3897
-5.8891
-13.5807
-16.3318
-17.3764
-21.8653
-14.4389
-17.8376
-15.2474
-37.6461
-15.8111
-31.5035
-14.7300
-27.4517
-17.8201
-35.5701
-17.6021
-29.4454
-19.4222
-44.3074
-21.0842
-34.0798
-17.0310
-9.0581
-12.2760
-9.9093
-12.4005
-7.9721
-11.8376
-11.8202
-15.6055
-9.1809
-12.4033
-8.4717
-11.2400
-11.0442
-15.9114
-8.1336
-11.2645
-7.9756
-10.2437
-7.1675
-10.3939
-15.4011
-16.0888
-11.2162
-12.5886
-13.0695
-13.0080
-15.3054
-16.8379
-16.7439
-16.7755
-17.2995
-17.5283
-14.2421
-15.5261
-13.5823
-14.6811
-13.6998
-15.4453
-16.6637
-17.7147
-14.5968
-18.2082
-11.4098
-15.6550
-2.9578
-8.9147
-8.5904
-14.4790
-18.9487
-19.2184
-16.6964
-17.7008
-14.7109
-17.0149
-9.6051
-14.4353
-15.4709
-17.1741
-15.0396
-17.0550
-10.5302
-14.3603
-8.0307
-11.6660
-5.9460
-9.1043
-6.4679
-9.7724
-8.9636
-12.0296
-9.7136
-11.1424
-6.6443
-9.6157
-8.0012
-10.2762
-9.2477
-10.7922
-7.9884
-9.3514
-7.0733
-9.5209
-2.6860
-4.8515
-5.2014
-8.8901
-7.2987
-9.7620
-4.8031
-13.2313
-1.9820
-11.7388
3.3636
-7.0813
-2.2259
-11.3751
3.0135
-8.8212
9.1262
-9.1637
-11.7567
-13.3816
-3.6528
-6.3598
-12.4238
-10.6623
-6.7775
-11.0770
-13.6499
-15.9018
-3.8520
-11.6130
-3.9981
-7.0531
-4.5299
-11.1840
-2.2704
-7.9410
-10.5537
-9.1351
-5.1607
-12.2320
-5.1487
-7.1647
-6.6005
-6.8726
-2.5036
-9.9667
-4.9417
-10.3246
-4.4439
-5.9165
-4.6926
-11.0300
-4.5432
-13.2519
-2.4582
-12.2791
-7.2416
-8.1289
6.3052
-10.9954
4.6620
-7.1280
-0.7725
-10.1902
8.5369
-10.0277
2.9823
-7.6844
-2.4433
-7.5541
1.6286
-8.8460
-9.9887
-8.4775
8.9575
-7.8100
3.5239
-6.0157
3.8059
-3.1114
10.8344
-1.7602
2.4540
-0.7888
15.6733
-2.9390
5.5271
-4.8970
13.4986
-2.7877
2.8169
-3.1966
11.0376
-3.7274
1.4884
-3.4742
3.1493
-1.6397
-5.8206
-13.0324
-5.5848
-6.4306
-8.9111
-9.3590
-9.9282
-10.7723
-10.6838
-10.4939
-10.6284
-12.2211
-9.6300
-13.9280
-11.3700
-12.6140
-5.6163
-8.0511
-9.0868
-11.4132
-15.3553
-15.5419
-13.3538
-13.2368
-14.1986
-16.2996
-14.8213
-15.1798
-10.8360
-9.5756
-12.6129
-11.7754
-9.7267
-9.5608
-13.1158
-12.7078
-11.2721
-11.5314
-13.8836
-13.5020
