-1.2151
-1.5707
-1.5026
-2.1529
-1.4268
-3.6429
-1.4395
-1.5441
-2.8626
-1.4917
-1.4338
-1.2384
-1.1192
-0.8061
-1.1005
-0.8656
-1.3921
-1.1575
-1.2898
-1.0502
-0.8187
-2.0246
-1.3518
-1.3037
-1.2453
-1.3222
-1.6607
-1.0094
-1.2316
-2.8950
-1.6878
-2.0821
-0.8151
-1.1366
-1.6125
-1.2704
-1.3010
-1.3097
-1.7845
-1.0872
-0.8645
-0.9459
-3.0304
-0.6362
-1.5301
-0.8170
-1.2824
-0.6375
-3.8231
-1.0386
-0.8760
-1.0733
-1.0695
-1.3467
-2.8071
-4.1957
-1.4666
-0.8608
-1.6945
-1.3856
-0.8695
-0.7796
-0.9601
-1.5814
-1.4677
-3.2766
-0.5670
-2.9414
-1.0601
-0.9478
-2.8848
-1.9800
-2.4823
-2.8484
-1.4862
-1.7421
-1.1882
-1.0697
-0.9397
-1.1587
-1.2366
-1.0844
-0.7704
-1.2123
-2.7531
-0.8061
-5.3791
-3.0801
-0.8062
-0.8820
-1.6380
-1.0074
-1.0910
-1.3052
-0.9817
-1.2204
-2.7699
-1.2032
-1.0309
-1.1003
-1.1156
-2.3649
-1.4792
-1.1855
-2.4013
-1.5047
-2.5332
-2.7088
-1.7385
-3.5834
-2.0229
-1.6247
-1.6433
-3.0626
-2.0860
-2.3697
-3.1284
-2.4971
-4.0302
-1.7144
-2.1677
-2.7789
-1.9826
-3.2088
-1.8634
-2.3077
-2.8978
-3.1880
-2.4707
-1.3457
-1.4191
-2.2557
-2.5749
-2.8474
-2.4412
-2.2501
-2.4787
-1.6369
-2.1001
-1.7410
-1.1064
-2.0020
-1.3108
-1.5357
-1.4737
-2.4867
-2.0237
-1.4887
-1.3563
-1.7632
-1.8638
-0.7805
-1.1306
-2.8531
-2.6806
-3.8784
-2.0927
-1.5182
-2.1624
-1.5183
-4.0730
-3.4377
-2.6766
-1.9554
-1.4589
-1.4735
-2.7049
-2.9503
-1.5639
-2.1394
