-15.7386
-17.1305
-18.1745
-20.2120
-13.0417
-22.7167
-17.0815
-14.1237
-19.5619
-15.3893
-13.0147
-12.7141
-9.1576
-8.4184
-11.5035
-8.6272
-10.6245
-8.5276
-10.1568
-9.1384
-11.9817
-20.4162
-17.2189
-17.9065
-15.8967
-16.6042
-20.1091
-15.6992
-16.7324
-24.4923
-12.7369
-15.5412
-8.2240
-12.5435
-16.1624
-12.9365
-14.6764
-13.3481
-14.1965
-10.2635
-9.7525
-10.9236
-15.0742
-8.0011
-12.8118
-9.5141
-11.5540
-8.3758
-18.6682
-12.7157
-12.1938
-14.0025
-11.1350
-13.3546
-16.1786
-17.6573
-13.3048
-8.3157
-15.1200
-12.7532
-13.2456
-13.2108
-12.9216
-15.7284
-17.8707
-25.7219
-8.7446
-23.2205
-15.4462
-12.7249
-23.1102
-19.8099
-19.7347
-20.1946
-14.0187
-17.0034
-15.4766
-14.5351
-13.9476
-14.4254
-10.2792
-11.4836
-8.1616
-12.2054
-18.7093
-8.3371
-20.3345
-21.8117
-8.5533
-9.1355
-11.5169
-12.0399
-12.0341
-13.7881
-11.6454
-13.6376
-17.8992
-12.3940
-11.6928
-14.2080
-12.0683
-20.8298
-15.2115
-13.5279
-20.0903
-16.0636
-19.3863
-22.4940
-17.2924
-23.9205
-15.2750
-11.3590
-15.4688
-19.6635
-15.6347
-16.7530
-19.0507
-16.2906
-19.0902
-16.3221
-14.7692
-17.1493
-15.7748
-18.6377
-15.8947
-16.1777
-15.5360
-18.3825
-16.3695
-13.9815
-11.4857
-12.5881
-14.3194
-13.5669
-13.4096
-14.3885
-14.9553
-14.2136
-16.2700
-12.3438
-11.5318
-12.2416
-11.3248
-13.2807
-13.5337
-18.3129
-15.5767
-10.6234
-10.1931
-17.0407
-12.8748
-8.9111
-13.0719
-18.9217
-14.3426
-17.4250
-15.7127
-13.2841
-11.8400
-13.1536
-24.4975
-18.9166
-17.6608
-13.9770
-12.7173
-12.4145
-21.4446
-17.5939
-12.3670
-15.6340
