-7.4339
-5.3459
-4.8962
-8.3220
-5.8586
-12.5394
-5.7552
-5.5920
-12.6499
-7.1042
-8.8403
-0.9201
-12.7014
-9.5541
-11.5808
-14.1355
-14.7362
-6.1104
-5.8005
-6.7765
-5.3711
-10.8258
-6.0129
-5.3084
-6.0737
-5.9058
-7.7235
-3.4563
-6.1382
-12.9457
-2.0422
2.2247
-0.4863
-4.6336
-7.9510
-2.3902
-8.5050
-6.0132
-0.4391
-1.3754
-11.4002
0.5758
-25.8468
-14.0944
-19.5499
-6.2440
-23.6227
-17.4510
-31.8514
-22.0929
-23.7063
9.2695
-15.4627
-1.5595
-27.3054
-34.9138
-11.6956
-14.5711
-21.3357
-17.3883
-2.6266
-1.7508
-3.5150
-4.8454
-6.6741
-15.0294
-1.5186
-7.0908
-4.4915
-3.1758
-7.9100
-6.0874
-8.8213
-9.2166
-7.7684
-5.8681
-2.4795
-3.8276
-3.9251
-4.8319
10.9234
12.4574
13.6764
4.8920
-3.4069
1.6684
-7.3902
-0.9905
7.2468
0.5475
-4.8556
-3.3235
-5.4413
-3.3287
2.9203
-8.6583
-4.4631
-2.8860
-2.0978
0.3071
4.2036
-0.3643
3.5550
1.1591
-4.4050
-1.6125
-2.5433
-2.1660
-1.7279
-2.4383
-8.3621
-6.4280
0.0183
-1.3559
-5.6269
-10.8021
-12.4098
-5.3066
-13.4821
-6.4416
-2.6024
-8.3748
-1.3882
-14.0546
-7.4652
-6.2600
-10.7034
-4.1245
-8.3620
-0.4216
-1.2904
-7.5951
-3.7241
-9.9518
-8.2124
-5.7339
-2.2336
-3.9896
-5.8430
-10.5111
1.7550
-5.1502
-0.4553
-1.8895
-3.5553
-5.2104
-5.2442
-5.1874
-0.2007
-3.8309
-10.2781
-1.1287
-3.8836
-4.6910
-6.3225
-12.5685
-6.7054
-5.4208
-9.2772
-5.6010
-12.5393
-6.5414
-0.3461
-4.1511
-3.2312
-3.8865
-11.1244
-11.7898
-4.3972
-7.1134
