1.4117
8.2055
9.0975
10.3214
4.4433
20.1223
6.1044
4.4303
12.0533
3.7794
0.5455
8.1448
-6.6345
-5.7712
-5.2353
-10.3334
-5.4733
0.1504
2.7702
0.5471
-1.5347
9.2011
4.2069
6.3168
1.8461
5.0868
8.1318
4.5438
3.7314
14.2177
11.2792
19.5108
2.5485
2.3148
4.2890
5.9202
1.3978
4.1390
13.7191
5.5998
-4.0334
8.0534
-2.9480
-9.5984
-4.6943
-0.3004
-12.0349
-14.4551
-1.1082
-14.6069
-15.8117
18.3252
-8.6276
8.5574
-2.9785
-5.2248
-0.7724
-10.0548
-7.9569
-3.4180
2.6693
2.7844
2.2372
7.2738
6.2047
16.8928
0.2082
16.5007
2.7474
1.8505
19.1635
10.0070
10.6628
12.4617
2.0019
7.4735
5.8639
3.3449
2.4723
2.9945
18.5026
19.1043
17.1586
12.7776
20.7338
5.6452
36.0071
28.7902
11.6420
5.2975
7.1892
3.5302
2.1767
6.8969
9.3234
0.8953
20.2888
5.5268
5.2667
9.0791
9.8038
22.0360
13.3805
7.9322
14.2518
10.6989
16.9774
22.0654
11.2230
29.8357
5.3447
3.3851
11.4865
23.7436
11.9672
6.6993
12.3619
11.9799
21.7276
7.1398
13.4162
11.6005
13.8719
11.7791
6.6840
11.2669
10.2382
21.8938
9.6662
9.8348
8.3274
8.1236
15.6911
10.9817
10.4630
12.2861
15.2775
7.3600
11.1627
1.1112
11.7267
10.5630
9.0996
8.8298
6.0705
17.0561
12.7474
4.0667
9.1814
12.7304
2.3900
2.4036
6.0227
18.2264
14.7017
18.1460
8.8288
4.5809
6.7868
4.1316
23.0827
21.0654
23.9210
9.4131
5.7572
5.9809
16.8395
12.2238
4.3529
9.0213
