8.8456
13.5515
13.9937
18.6434
10.3018
32.6617
11.8596
10.0223
24.7032
10.8836
9.3859
9.0648
6.0669
3.7829
6.3455
3.8021
9.2630
6.2608
8.5707
7.3236
3.8364
20.0269
10.2198
11.6252
7.9199
10.9926
15.8553
8.0001
9.8697
27.1634
13.3214
17.2861
3.0348
6.9484
12.2401
8.3103
9.9028
10.1522
14.1582
6.9752
7.3668
7.4776
22.8988
4.4961
14.8556
5.9436
11.5878
2.9959
30.7431
7.4860
7.8946
9.0557
6.8351
10.1169
24.3269
29.6890
10.9232
4.5164
13.3788
13.9702
5.2959
4.5352
5.7522
12.1192
12.8788
31.9221
1.7269
23.5915
7.2389
5.0263
27.0736
16.0944
19.4841
21.6783
9.7703
13.3416
8.3434
7.1724
6.3974
7.8264
7.5792
6.6468
3.4821
7.8856
24.1408
3.9768
43.3974
29.7807
4.3952
4.7500
12.0448
6.8537
7.6181
10.2256
6.4031
9.5536
24.7519
8.4128
7.3645
8.7720
5.6001
22.4003
9.8255
6.7730
18.6568
12.3114
19.5207
24.2314
12.9510
32.2739
13.7068
9.8131
11.4682
25.0995
17.5941
17.5014
24.7717
17.2866
35.2096
13.5815
16.0185
19.9754
15.2601
25.8337
14.1492
17.5269
20.9416
26.0183
18.0281
10.2564
9.6178
15.7187
19.4152
20.9335
18.6754
18.0199
17.5111
11.3495
17.0057
11.6223
9.9718
15.7132
9.5548
10.7193
9.6259
22.2664
17.9917
9.2541
9.3821
16.5613
12.6682
3.5324
9.9063
22.9173
21.0242
30.7144
15.5342
10.0017
16.0640
9.7325
35.6220
27.6068
24.2671
13.5642
8.9884
9.8674
27.9639
24.0136
8.7501
16.1347
