-0.8924
-1.1384
-1.2113
-1.4882
-1.1985
-1.8443
-0.9320
-0.9743
-2.3657
-1.0130
-2.2364
-2.2011
-1.8350
-1.7982
-2.5954
-1.7532
-2.0979
-1.6212
-1.7871
-1.8654
-0.6775
-1.3843
-1.0101
-1.0842
-1.1776
-0.9885
-1.1378
-0.8854
-1.2305
-1.6418
-1.3109
-2.4726
-0.5234
-0.8424
-1.1798
-0.9971
-1.1725
-0.7475
-1.6042
-0.9637
-4.3093
-4.4273
-6.9919
-3.2969
-6.3092
-3.9999
-5.7237
-2.8814
-9.3879
-4.8709
-4.6050
-5.6699
-4.7188
-5.8219
-7.6946
-8.4777
-4.9399
-3.0571
-6.3604
-6.3870
-0.6965
-0.6006
-0.5780
-0.8566
-1.1122
-1.9414
-0.3570
-1.5886
-0.9983
-0.8262
-1.5780
-1.1318
-1.4575
-1.4719
-0.9106
-1.1144
-0.9676
-0.7470
-0.6872
-1.0014
-3.1177
-2.6761
-2.1242
-3.3645
-5.3286
-2.0820
-6.7157
-6.4379
-2.6777
-2.5215
-5.1570
-3.7538
-4.3131
-4.8437
-3.5714
-4.2382
-7.8666
-4.5339
-4.8815
-5.0335
-0.7429
-2.1682
-1.2450
-0.8910
-1.6275
-1.0535
-1.7162
-2.4514
-1.2405
-2.1730
-1.7846
-1.0889
-1.1954
-2.3199
-1.4775
-2.1382
-2.7052
-1.3901
-2.0506
-1.3779
-1.8130
-2.2889
-1.8456
-2.1002
-1.5272
-1.6802
-1.9246
-2.4256
-1.6735
-1.4219
-1.1892
-1.7095
-2.0152
-1.8145
-2.1557
-1.8542
-1.3031
-1.0699
-1.9865
-1.6536
-1.7969
-2.4277
-1.6159
-1.4725
-1.3011
-2.6407
-2.5750
-1.1922
-1.6924
-2.0580
-1.3019
-0.5348
-1.3346
-1.7222
-2.0668
-2.1318
-1.4398
-1.0808
-2.4010
-1.0267
-2.9447
-2.0921
-2.9460
-1.3029
-1.1945
-0.7925
-1.8546
-1.8551
-1.1246
-1.7152
