-13.9222
-10.3810
-10.5853
-11.8675
-10.1785
-6.5005
-12.0750
-10.6662
-10.7735
-12.3641
-13.2563
-8.0022
-13.5707
-12.0621
-14.8921
-14.5960
-13.6747
-9.5656
-9.2295
-9.2262
-12.7963
-12.5415
-13.3918
-12.2067
-13.8002
-11.9060
-12.9593
-11.8586
-13.1702
-12.2732
-6.0052
-2.9454
-7.2086
-11.6120
-13.7122
-9.5545
-13.7446
-10.4071
-4.4469
-7.3082
-12.4463
-7.7894
-19.8286
-13.8093
-15.8420
-10.9067
-19.1662
-17.1204
-21.9651
-21.6485
-20.6983
-4.0600
-17.1470
-9.3891
-19.6983
-24.1159
-14.9645
-15.5689
-20.6528
-15.3060
-11.2583
-11.0187
-11.3479
-9.7961
-12.4155
-11.3713
-8.8733
-10.3224
-12.5661
-11.1598
-7.5043
-11.6900
-10.7007
-10.2385
-12.0697
-10.8158
-11.0196
-11.6748
-11.5728
-11.8291
-2.2564
-2.4871
-0.8920
-6.8596
-6.9330
-6.9488
1.5139
-4.0675
-4.4431
-8.0010
-9.6723
-11.3597
-12.1742
-11.1172
-8.1734
-13.8719
-6.5715
-11.0410
-10.0851
-9.6141
-6.8049
-5.0414
-6.7995
-9.2882
-10.9282
-9.0920
-8.5387
-7.6439
-10.5327
-2.8637
-12.5029
-9.7278
-8.4668
-3.1476
-6.9687
-12.8923
-10.8680
-8.2751
-3.1306
-11.9313
-6.2980
-10.0421
-6.5622
-11.1176
-11.5033
-8.6207
-9.2457
-3.4617
-10.6315
-7.5875
-6.2125
-7.3566
-3.5677
-6.0965
-6.0739
-5.4505
-4.6945
-9.4276
-8.2817
-11.7375
-2.0372
-4.3866
-4.6214
-7.5858
-10.0053
-6.4995
-6.2503
-9.0193
-3.6622
-7.5972
-11.5397
-7.2547
-8.6324
-6.6216
-4.2563
-4.9904
-10.0469
-10.5612
-7.2215
-10.8282
-8.6164
-4.6804
-0.6004
-8.3422
-9.7123
-8.6586
-8.7952
-9.4789
-10.4754
-10.1430
