-1.3031
-1.7684
-1.0967
-1.5110
-1.3849
-2.1250
-1.7491
-2.0297
-1.2101
-1.0572
-0.2749
-0.3452
-0.3120
-0.7170
-0.3413
-0.4489
-0.5255
-0.3652
-0.2024
-0.3565
-1.1111
-0.9518
-0.9831
-0.5425
-0.8298
-1.4838
-1.7263
-0.7723
-1.0834
-1.0453
-2.2192
-1.7321
-2.0427
-2.7098
-2.0758
-1.5381
-1.9893
-3.5008
-1.9962
-2.2087
-3.8189
-1.6926
-5.0552
-3.9959
-2.0331
-4.7992
-2.6929
-1.7688
-3.1814
-2.5498
-1.9848
-4.2635
-5.3752
-2.7410
-2.8055
-4.1989
-3.3469
-5.6397
-3.3168
-3.6079
-5.4305
-2.9968
-5.1269
-2.5615
-4.6235
-7.6927
-3.7673
-3.5851
-4.6043
-2.2674
-2.6998
-2.3322
-2.9427
-2.7215
-3.1713
-2.9848
-2.6363
-2.9059
-1.6762
-2.8245
