-6.4977
-8.2888
-5.3670
-6.7547
-6.7786
-9.3443
-8.3135
-8.9782
-5.1444
-4.7724
-1.7605
-2.0526
-1.9652
-3.4105
-2.3244
-2.3682
-2.2235
-2.0834
-1.8430
-2.0859
-5.3045
-4.6023
-5.1283
-3.0146
-3.9174
-5.6701
-7.2988
-4.5889
-6.1395
-4.8607
-10.8556
-10.0749
-13.1424
-12.7978
-12.8285
-8.2573
-11.0963
-21.7644
-11.2804
-12.8143
-14.3648
-8.2307
-17.9021
-18.0478
-11.1043
-17.7305
-13.5319
-10.0617
-14.4365
-14.3722
-9.8693
-15.5554
-17.8093
-11.3770
-11.6203
-16.5126
-19.0538
-23.0235
-13.3958
-13.5374
-22.8073
-15.9230
-17.4096
-13.2296
-19.1458
-23.3080
-15.8399
-15.8370
-17.0047
-11.0709
-16.4727
-12.0917
-17.4282
-12.1662
-16.9167
-11.2585
-13.0373
-14.8080
-6.9408
-12.5590
