0.3230
-2.3851
-2.1084
-1.4746
-2.5440
-2.9332
-2.8007
-2.0648
-1.8859
-2.3508
-2.0798
-3.3930
-4.4785
-2.8017
-2.2795
-2.7290
-3.4674
-2.5640
-3.0626
-4.3634
1.8380
0.9487
1.8561
0.1032
1.5732
0.1018
-1.6672
0.0105
-2.5021
-1.7239
-7.4299
-0.2903
0.3555
-5.8244
-1.9659
-2.5476
-0.7423
-7.4204
-0.6966
-2.1106
-5.1503
-4.3899
-6.2243
-6.9884
-4.6214
-7.2263
-4.7222
-3.4018
-4.3407
-6.5269
-3.5968
-7.8385
-8.6533
-6.2326
-5.7741
-7.8470
-6.1436
-12.4579
-7.7908
-5.8826
-15.6665
-6.1084
-17.0937
-3.6957
-13.7500
-26.4757
-7.6139
-10.0987
-14.8065
-6.1227
-6.7871
-4.7714
-7.6723
-8.4416
-8.1157
-5.4149
-6.2760
-4.2416
-2.5576
-6.1632
