2.3265
-0.4227
-1.1647
0.4609
0.0566
2.9550
-0.0583
2.4664
-1.0715
-1.6985
-2.0552
-3.3503
-4.4367
-2.6123
-2.2146
-2.6091
-3.4070
-2.4986
-3.0155
-4.2722
3.1377
2.0049
3.4505
0.4891
2.6212
3.1062
3.3731
1.2496
-0.2250
-0.7524
0.5311
2.9812
8.3491
-0.6180
5.4165
-0.9018
2.6866
5.3122
2.2332
2.1822
8.0357
-1.4149
13.9380
9.6661
-0.2564
13.3869
2.5315
0.7425
6.6575
1.4786
1.7646
7.4488
12.4887
1.6891
2.7744
6.5003
10.4807
11.2637
2.0612
5.0238
17.6467
4.1708
8.0537
5.6341
7.0892
28.7804
8.7146
4.2679
4.0541
-0.7218
4.2177
0.3941
3.3636
-0.8077
2.5715
3.8924
1.9996
7.1868
2.3557
2.9560
