2.0035
1.9624
0.9437
1.9356
2.6005
5.8881
2.7423
4.5312
0.8144
0.6524
0.0246
0.0427
0.0418
0.1894
0.0649
0.1199
0.0604
0.0654
0.0472
0.0912
1.2997
1.0562
1.5944
0.3859
1.0479
3.0044
5.0402
1.2392
2.2770
0.9714
7.9610
3.2715
7.9935
5.2065
7.3825
1.6457
3.4290
12.7326
2.9298
4.2928
13.1860
2.9751
20.1623
16.6545
4.3650
20.6132
7.2537
4.1443
10.9982
8.0055
5.3614
15.2874
21.1420
7.9218
8.5485
14.3474
16.6243
23.7215
9.8520
10.9064
33.3132
10.2791
25.1474
9.3299
20.8391
55.2562
16.3285
14.3666
18.8606
5.4008
11.0048
5.1655
11.0358
7.6339
10.6872
9.3072
8.2756
11.4285
4.9133
9.1192
