-0.8418
-0.8459
-0.5463
-0.8349
-0.6380
-1.2204
-1.1150
-0.8884
-0.6584
-0.5980
-0.1297
-0.2424
-0.2297
-0.3331
-0.1951
-0.1942
-0.2208
-0.2811
-0.1745
-0.3506
-0.7383
-0.5528
-0.7199
-0.4284
-0.6107
-0.6161
-0.6790
-0.6818
-0.4540
-0.5813
-2.5404
-1.4254
-1.9869
-2.0213
-2.1240
-1.0285
-1.2811
-2.3574
-1.1580
-1.4725
-1.6831
-0.9064
-1.9269
-1.6924
-1.1371
-1.8522
-1.2940
-0.9883
-1.3849
-1.3169
-1.0712
-1.5584
-2.0155
-1.3981
-1.4182
-2.3048
-1.4687
-2.7506
-1.5137
-1.4128
-4.2042
-2.0681
-3.5603
-2.3281
-3.5250
-5.0564
-2.1808
-2.9451
-3.8657
-1.7877
-1.5764
-1.4256
-1.5930
-1.2798
-1.7328
-1.3164
-1.4601
-1.3289
-0.7464
-1.3191
