-6.3160
-11.3258
-8.1746
-8.6397
-8.7449
-9.7347
-11.2360
-9.4298
-8.0844
-8.1261
-4.2202
-5.9905
-6.9437
-7.0729
-5.0754
-5.6205
-6.3768
-5.2284
-5.2354
-7.0653
-4.0161
-4.1020
-3.3808
-3.4964
-2.7367
-4.6638
-6.3310
-4.7935
-7.9020
-7.2397
-15.0842
-10.2512
-8.8230
-18.1469
-11.6118
-11.7257
-11.6800
-22.3104
-12.2014
-14.3133
-11.8311
-12.2446
-10.9462
-14.0700
-14.5309
-10.9951
-14.9874
-12.0764
-12.3453
-16.7603
-11.1608
-13.9286
-12.7114
-13.8270
-13.0696
-16.5161
-13.3887
-20.1501
-16.1651
-13.5344
-14.7954
-16.8172
-18.0431
-12.4850
-20.2051
-7.2766
-13.0734
-18.0992
-21.4207
-15.8478
-16.5312
-15.4553
-18.6004
-16.9752
-19.2493
-11.6673
-15.1341
-11.8560
-7.0078
-13.7466
