-1.2291
-1.5821
-1.5156
-2.1670
-1.4338
-3.6520
-1.4480
-1.5534
-2.8732
-1.5000
-1.4449
-1.2472
-1.1178
-0.8110
-1.1108
-0.8698
-1.3970
-1.1592
-1.2943
-1.0560
-0.8299
-2.0404
-1.3630
-1.3161
-1.2577
-1.3311
-1.6725
-1.0190
-1.2440
-2.9139
-1.7012
-2.0993
-0.8258
-1.1514
-1.6293
-1.2851
-1.3175
-1.3196
-1.7939
-1.0954
-0.8605
-0.9583
-3.0937
-0.6345
-1.5503
-0.8212
-1.2849
-0.6413
-3.9066
-1.0648
-0.8983
-1.1203
-1.0954
-1.3936
-2.8635
-4.2891
-1.5005
-0.8796
-1.7438
-1.3992
-0.8789
-0.7871
-0.9680
-1.5906
-1.4783
-3.2935
-0.5729
-2.9587
-1.0687
-0.9574
-2.8929
-1.9920
-2.4933
-2.8611
-1.4972
-1.7491
-1.1980
-1.0765
-0.9459
-1.1700
-1.2604
-1.0999
-0.7854
-1.2451
-2.8162
-0.8087
-5.4336
-3.1544
-0.8236
-0.8972
-1.6725
-1.0245
-1.1118
-1.3415
-1.0049
-1.2520
-2.8499
-1.2386
-1.0576
-1.1274
-1.1343
-2.3861
-1.4943
-1.2011
-2.4231
-1.5210
-2.5584
-2.7396
-1.7519
-3.6119
-2.0440
-1.6328
-1.6671
-3.1000
-2.0961
-2.3966
-3.1551
-2.5181
-4.0424
-1.7330
-2.1892
-2.7982
-2.0076
-3.2280
-1.8851
-2.3281
-2.9160
-3.2210
-2.4933
-1.3629
-1.4315
-2.2695
-2.5948
-2.8598
-2.4520
-2.2711
-2.4983
-1.6510
-2.1188
-1.7508
-1.1154
-2.0044
-1.3235
-1.5497
-1.4917
-2.5174
-2.0433
-1.5049
-1.3658
-1.7851
-1.8735
-0.7866
-1.1476
-2.8756
-2.7059
-3.8974
-2.1089
-1.5291
-2.1658
-1.5281
-4.1175
-3.4635
-2.7095
-1.9713
-1.4739
-1.4828
-2.7242
-2.9717
-1.5774
-2.1633
