-15.7698
-17.1663
-18.1750
-20.2335
-13.0517
-22.7393
-17.0973
-14.1728
-19.5918
-15.4184
-12.9370
-12.6250
-9.1016
-8.3624
-11.4350
-8.5646
-10.5515
-8.4796
-10.0971
-9.0870
-12.0042
-20.4545
-17.2247
-17.8999
-15.9169
-16.6209
-20.1268
-15.7018
-16.7356
-24.4947
-12.7309
-15.5179
-8.2363
-12.5611
-16.1653
-12.9420
-14.6740
-13.3424
-14.1700
-10.2565
-9.8343
-11.0240
-15.1770
-8.0779
-12.9133
-9.6024
-11.6318
-8.4662
-18.7897
-12.8418
-12.3137
-14.1257
-11.2547
-13.4815
-16.2898
-17.7909
-13.4169
-8.4051
-15.2474
-12.8509
-13.2475
-13.2020
-12.9325
-15.7572
-17.8849
-25.7376
-8.7552
-23.2223
-15.4489
-12.7501
-23.1379
-19.8237
-19.7769
-20.2344
-14.0579
-17.0305
-15.4923
-14.5515
-13.9600
-14.4403
-10.3731
-11.5920
-8.2603
-12.3233
-18.8403
-8.4215
-20.4630
-21.9638
-8.6453
-9.2288
-11.6267
-12.1483
-12.1513
-13.9139
-11.7624
-13.7798
-18.0388
-12.5163
-11.8105
-14.3326
-12.0640
-20.7877
-15.1885
-13.5264
-20.0903
-16.0571
-19.3765
-22.4705
-17.2967
-23.9004
-15.2503
-11.3475
-15.4553
-19.6327
-15.6171
-16.7309
-19.0094
-16.2900
-19.0773
-16.3136
-14.7471
-17.1129
-15.7439
-18.6294
-15.8685
-16.1734
-15.5250
-18.3678
-16.3588
-13.9489
-11.4684
-12.5657
-14.2977
-13.5529
-13.3834
-14.3713
-14.9643
-14.2008
-16.2339
-12.3185
-11.4912
-12.2047
-11.2927
-13.2548
-13.5206
-18.2742
-15.5299
-10.6125
-10.1654
-16.9948
-12.8646
-8.8974
-13.0399
-18.9142
-14.3207
-17.4181
-15.6966
-13.2688
-11.8091
-13.1369
-24.4769
-18.8958
-17.6201
-13.9634
-12.6972
-12.4055
-21.4303
-17.5818
-12.3570
-15.6155
