-7.3178
-5.3935
-4.9584
-8.3369
-5.8006
-12.5792
-5.7469
-5.5526
-12.5131
-7.0028
-8.8309
-1.1263
-12.5925
-9.6008
-11.6310
-14.0652
-14.6255
-5.9971
-5.7916
-6.7347
-5.2523
-10.7494
-5.9625
-5.3210
-6.0110
-5.8973
-7.7092
-3.4905
-6.0929
-12.8430
-2.1718
1.8493
-0.5048
-4.5684
-7.8687
-2.4331
-8.3481
-5.9451
-0.6770
-1.4456
-11.5979
0.1007
-26.0300
-14.0835
-19.7883
-6.4730
-23.5931
-17.3904
-32.1325
-22.0337
-23.6746
8.5622
-15.5741
-2.1289
-27.5214
-35.1374
-11.9523
-14.6220
-21.5382
-17.6276
-2.6494
-1.7914
-3.5153
-4.8649
-6.6788
-15.0034
-1.5077
-7.2548
-4.5052
-3.1717
-8.0743
-6.1277
-8.8285
-9.2334
-7.6369
-5.9031
-2.5606
-3.8322
-3.9283
-4.8059
10.4381
12.0547
13.2419
4.5566
-3.8566
1.5099
-7.9109
-1.6440
6.9230
0.3812
-5.1238
-3.4564
-5.6917
-3.5663
2.6058
-8.9419
-5.1562
-3.1410
-2.4063
-0.1134
3.9372
-0.7430
3.2136
0.9645
-4.5383
-1.7373
-2.7944
-2.5182
-1.8891
-2.8172
-8.3533
-6.3925
-0.1762
-1.7301
-5.7317
-10.7471
-12.3938
-5.4034
-13.5376
-6.4371
-2.8315
-8.4587
-1.6335
-13.9727
-7.4751
-6.3860
-10.6699
-4.4418
-8.3384
-0.6152
-1.4448
-7.6079
-3.9297
-9.9252
-8.2262
-5.8198
-2.4451
-4.0589
-5.9223
-10.3504
1.4715
-5.2712
-0.6351
-2.0523
-3.6453
-5.4013
-5.3878
-5.1741
-0.3764
-4.0319
-10.1453
-1.1816
-3.9374
-4.8934
-6.4704
-12.6084
-6.7656
-5.4206
-9.2381
-5.6003
-12.6100
-6.7446
-0.7455
-4.2458
-3.2842
-3.9074
-11.0645
-11.7215
-4.4421
-7.1498
