1.5530
8.1957
9.0849
10.3868
4.5353
20.1905
6.1653
4.5197
12.2499
3.9239
0.4855
7.8630
-6.5534
-5.8333
-5.3281
-10.2768
-5.4157
0.2349
2.7294
0.5508
-1.3946
9.3327
4.2783
6.3318
1.9423
5.1351
8.1802
4.5251
3.8180
14.3511
11.1645
19.1467
2.5419
2.4015
4.4006
5.8933
1.5678
4.2155
13.5166
5.5389
-3.8642
7.9238
-2.7031
-9.3533
-4.4055
-0.2597
-11.6690
-14.2301
-0.6819
-14.2110
-15.4155
18.0876
-8.3818
8.5107
-2.6135
-4.7764
-0.6578
-9.9319
-7.6311
-3.1813
2.6634
2.7534
2.2550
7.3017
6.2372
16.9813
0.2284
16.3955
2.7694
1.8765
19.0945
10.0026
10.7191
12.5206
2.1747
7.5016
5.8186
3.3666
2.4931
3.0627
18.2020
18.8526
16.8163
12.6541
20.6994
5.5590
35.9689
28.6892
11.4614
5.2646
7.3297
3.6308
2.2613
7.0551
9.2629
1.0051
20.3481
5.6175
5.3640
9.0734
9.5506
21.6778
13.0663
7.7573
14.1459
10.5827
16.7752
21.7504
11.0781
29.4848
5.3933
3.4578
11.3151
23.4291
11.8770
6.7912
12.4183
11.9405
21.7553
7.1569
13.2372
11.5714
13.6715
11.8784
6.6965
11.2037
10.3099
21.6435
9.7287
9.6572
8.2148
8.1493
15.5649
11.0946
10.5212
12.2851
15.1214
7.3212
11.1246
1.2943
11.4671
10.4971
8.9466
8.7053
6.0113
16.8879
12.6361
4.1023
9.0423
12.5460
2.5680
2.3595
5.9672
18.0732
14.6000
18.2103
8.8135
4.6086
6.8892
4.1623
23.0338
20.9447
23.5630
9.3656
5.7289
5.9635
16.8845
12.2962
4.3404
9.0196
