8.8708
13.5892
14.0433
18.7237
10.3359
32.7697
11.9122
10.0723
24.7630
10.9267
9.3164
8.9893
6.0391
3.7676
6.3029
3.7884
9.2097
6.2321
8.5210
7.2855
3.8577
20.0820
10.2409
11.6527
7.9533
11.0325
15.8894
8.0156
9.9110
27.1941
13.3363
17.2974
3.0467
6.9699
12.2692
8.3264
9.9158
10.1606
14.1935
6.9846
7.7336
7.8231
23.3269
4.7302
15.3828
6.2133
11.9240
3.1603
31.4506
7.8227
8.2591
9.5254
7.1922
10.6396
24.9079
30.3610
11.2945
4.6901
13.9071
14.4462
5.3129
4.5448
5.7703
12.1666
12.9160
31.9847
1.7360
23.6503
7.2747
5.0482
27.1688
16.1303
19.5476
21.7541
9.8116
13.4048
8.3792
7.1988
6.4214
7.8686
7.7639
6.7979
3.5745
8.0975
24.5560
4.0491
43.8798
30.3332
4.5384
4.8834
12.4535
7.0872
7.9530
10.6214
6.6570
9.9471
25.5043
8.7585
7.7704
9.1868
5.6134
22.4208
9.8527
6.7928
18.6842
12.3200
19.5696
24.2686
12.9671
32.3020
13.7466
9.8503
11.4913
25.1591
17.6087
17.5383
24.8120
17.3438
35.2928
13.5940
16.0687
20.0301
15.3050
25.8511
14.1716
17.5896
20.9797
26.0854
18.0672
10.2724
9.6596
15.7572
19.4945
21.0197
18.7474
18.1049
17.5664
11.3801
17.0470
11.6447
9.9956
15.7683
9.5817
10.7576
9.6566
22.2892
18.0239
9.2764
9.4187
16.5779
12.7133
3.5411
9.9046
22.9667
21.0704
30.8187
15.5791
10.0292
16.1273
9.7626
35.6438
27.6893
24.3086
13.6114
9.0131
9.8709
27.9489
24.0177
8.7825
16.1694
