-0.9586
-1.2500
-1.6027
-1.8052
-1.5878
-2.1465
-1.1703
-1.0155
-2.7693
-1.1846
-2.4595
-2.5923
-1.7758
-1.8602
-3.0446
-1.6857
-2.0398
-1.5143
-1.7346
-1.8865
-0.8196
-1.5167
-1.2520
-1.3870
-1.3888
-1.2046
-1.2743
-1.1761
-1.5781
-1.7952
-1.4783
-2.7513
-0.5216
-0.9590
-1.2786
-1.1279
-1.2734
-0.7871
-1.8676
-1.0966
-4.7575
-5.2663
-7.8198
-3.4182
-6.8410
-4.5944
-6.2062
-3.1487
-10.6378
-5.5182
-5.0710
-7.0689
-5.5785
-7.2223
-8.5290
-9.4058
-5.6829
-3.4514
-7.3109
-7.1654
-0.9701
-0.8601
-0.7188
-0.9695
-1.3315
-2.1561
-0.5012
-1.9301
-1.2944
-0.9640
-1.7710
-1.3205
-1.5490
-1.5932
-0.9598
-1.2972
-1.2891
-0.9187
-0.8567
-1.2865
-3.6849
-3.1922
-2.5915
-3.9898
-6.1890
-2.0879
-7.5958
-7.6402
-3.1255
-2.8019
-6.4289
-4.5400
-5.3665
-6.0537
-4.4631
-5.1562
-9.5559
-5.6595
-6.3670
-6.1962
-0.8290
-2.4168
-1.4240
-1.0194
-1.7602
-1.1839
-1.9548
-2.7340
-1.3856
-2.3941
-2.1268
-1.2427
-1.3629
-2.5676
-1.6833
-2.4857
-3.0828
-1.5233
-2.2668
-1.5900
-2.1135
-2.6770
-2.1582
-2.3851
-1.7534
-1.8947
-2.1502
-2.6870
-1.9134
-1.7174
-1.4794
-2.0061
-2.4005
-2.1457
-2.7052
-2.2570
-1.4655
-1.2004
-2.3810
-1.9940
-2.3458
-3.1576
-2.1065
-1.7851
-1.5507
-3.0473
-3.1428
-1.4621
-2.3087
-2.3798
-1.5265
-0.5992
-1.5990
-1.9187
-2.4024
-2.3197
-1.6100
-1.2227
-3.0520
-1.1706
-3.3190
-2.2985
-3.3210
-1.4968
-1.4754
-0.8923
-2.0780
-2.0668
-1.2892
-2.0136
