-13.1590
-9.2435
-9.1179
-10.6085
-8.8992
-5.4720
-10.6322
-9.7471
-10.0691
-11.1397
-9.3492
-3.5497
-9.8029
-6.4449
-8.6200
-9.6449
-10.9486
-7.4776
-6.7969
-6.2279
-11.0556
-12.0263
-12.4600
-10.9385
-12.7434
-10.2224
-11.7861
-9.9647
-11.6747
-11.8605
-7.2566
-4.0161
-7.3932
-12.7729
-14.9965
-9.8351
-14.6290
-11.1467
-4.3208
-8.3023
-6.0129
-0.5247
-11.8296
-7.3615
-9.1473
-3.6420
-11.7599
-7.2823
-13.6109
-12.7133
-10.8174
5.5023
-7.4313
0.9057
-11.9188
-15.8271
-6.8108
-6.3325
-11.3497
-8.3722
-9.5538
-9.5523
-9.4845
-8.5093
-11.1465
-10.4852
-7.0555
-8.9552
-10.7294
-9.7115
-6.0747
-10.3262
-9.5653
-8.9182
-11.1675
-9.4851
-8.7276
-10.1462
-9.8467
-10.3730
3.7896
3.6723
5.8915
0.3610
0.0875
-1.8949
7.9929
3.8734
1.8724
-1.5867
-0.7248
-3.6614
-3.5341
-2.8530
0.0078
-5.9091
2.4659
-2.7426
-0.7301
-0.9638
-7.2184
-5.5097
-7.0321
-9.8567
-11.7282
-10.0665
-8.9177
-8.2321
-11.4670
-3.5196
-12.7864
-9.8453
-9.0838
-3.7177
-7.7067
-13.1877
-11.2814
-8.8226
-3.5593
-13.0133
-6.5626
-10.4336
-6.5525
-12.0688
-12.1280
-9.1991
-9.7258
-4.0169
-11.6141
-7.8373
-5.9714
-7.2037
-2.9915
-5.7192
-5.2976
-4.8898
-5.2720
-9.9784
-8.1911
-11.8582
-1.1150
-3.2102
-4.1968
-7.4712
-10.1267
-7.0529
-6.1220
-9.5082
-2.8799
-7.6564
-11.8454
-7.6528
-9.3209
-7.1611
-4.1422
-5.5534
-10.2478
-11.2041
-5.8713
-11.3969
-9.4789
-4.9123
-0.6006
-8.5526
-10.2724
-9.4101
-9.6383
-10.7937
-10.7766
-10.8552
