-0.6038
-0.6968
-0.5199
-0.6436
-0.6931
-1.1578
-0.7966
-0.9707
-0.4820
-0.4438
-0.2326
-0.2616
-0.2296
-0.3563
-0.2627
-0.2758
-0.2869
-0.2227
-0.2002
-0.2001
-0.5079
-0.4393
-0.4866
-0.3068
-0.3858
-0.6791
-0.9217
-0.4190
-0.5882
-0.4672
-1.1142
-0.7038
-0.9636
-1.0744
-1.0346
-0.6018
-0.7716
-1.7561
-0.8386
-0.9432
-2.3970
-0.8242
-3.4081
-2.5299
-0.9565
-3.2768
-1.3315
-0.9347
-1.9623
-1.4496
-1.0873
-2.8119
-3.7033
-1.6747
-1.7709
-2.5733
-2.2012
-3.6465
-1.8671
-2.1233
-4.0886
-1.5685
-3.6525
-1.3611
-3.1325
-6.4505
-2.2360
-2.2253
-2.9517
-1.0582
-1.6160
-1.0856
-1.6532
-1.4860
-1.6869
-1.8388
-1.5639
-1.9543
-1.0956
-1.5242
