-6.5640
-8.4939
-5.4414
-6.8529
-6.8109
-9.3864
-8.4489
-9.1813
-5.2152
-4.8692
-1.8012
-2.1183
-2.0428
-3.5271
-2.3893
-2.4271
-2.2829
-2.1282
-1.8802
-2.1725
-5.2819
-4.6017
-5.0804
-2.9886
-3.8562
-5.6305
-7.2802
-4.5203
-6.1920
-4.8837
-11.4361
-10.5012
-13.6941
-13.3431
-13.3677
-8.5982
-11.5195
-22.2192
-11.6618
-13.1672
-14.4392
-8.3120
-18.0109
-18.1471
-11.2126
-17.8470
-13.7332
-10.1628
-14.5628
-14.5093
-9.9336
-15.7943
-17.9838
-11.5157
-11.7506
-16.7055
-19.2081
-23.3083
-13.5431
-13.7482
-23.3918
-16.4163
-17.8859
-13.7675
-19.6641
-23.7253
-16.1143
-16.3880
-17.5857
-11.5379
-16.7352
-12.2518
-17.6379
-12.3158
-17.1346
-11.3526
-13.1062
-14.9247
-6.9375
-12.7038
