0.4530
-3.0104
-2.3645
-1.5592
-2.7625
-3.0256
-3.2472
-2.4335
-2.1289
-2.8600
-2.5227
-4.0119
-5.3733
-3.3141
-2.7394
-3.2268
-4.1395
-3.0342
-3.7020
-5.3122
2.5986
1.2668
2.5809
0.3279
2.2043
0.5431
-1.5649
0.3150
-2.8159
-1.8027
-10.1367
-1.1893
-0.9750
-7.1662
-3.5457
-3.4664
-1.6522
-9.1298
-1.6064
-3.0519
-5.3471
-5.1440
-6.6047
-7.9717
-5.4553
-7.7713
-5.6663
-4.0303
-4.8968
-7.7125
-3.9651
-9.0251
-9.6874
-7.1860
-6.6550
-9.0966
-7.8919
-14.5396
-8.9013
-6.8269
-17.7880
-7.2971
-19.1576
-4.4936
-15.3777
-28.7240
-8.6590
-11.6136
-17.5465
-6.9929
-8.8761
-5.6611
-9.5163
-9.5907
-9.9398
-5.8637
-7.2005
-5.1258
-2.5154
-6.9891
