2.5954
-0.6610
-1.3320
0.5150
0.0381
3.2088
-0.1903
2.5658
-1.2339
-2.1049
-2.4924
-3.9543
-5.3161
-3.0810
-2.6612
-3.0834
-4.0620
-2.9593
-3.6503
-5.1892
3.9528
2.3731
4.2149
0.7262
3.2747
3.6786
3.7622
1.5543
-0.3624
-0.7629
-0.0367
3.1415
8.9506
-0.6256
5.7738
-1.2364
2.7940
5.5700
2.1504
2.2319
7.9721
-2.1270
14.0929
9.4152
-0.9078
13.4064
2.1054
0.2525
6.6308
0.7029
1.6169
6.6484
11.7675
0.7975
2.0186
5.6404
10.4137
10.2512
1.2887
4.5885
19.3179
4.9665
8.4964
6.8681
7.9698
30.0069
9.0423
4.9510
4.1585
-0.3530
3.4245
-0.2669
2.5769
-1.7465
1.5977
3.4457
1.3125
6.8850
2.2571
2.4476
