2.1424
2.3495
1.0325
2.0742
2.8006
6.2345
3.0569
4.9994
0.8950
0.7551
0.0303
0.0576
0.0572
0.2332
0.0781
0.1434
0.0776
0.0748
0.0517
0.1231
1.3542
1.1064
1.6340
0.3983
1.0703
3.1355
5.3271
1.2393
2.4535
1.0398
10.1000
4.3308
9.9256
6.5406
9.3195
2.2300
4.4463
14.6999
3.7568
5.2838
13.3192
3.0170
20.6976
17.3869
4.5475
21.1777
7.7717
4.2828
11.5276
8.4154
5.5821
15.6735
21.4549
7.9836
8.6736
14.7370
18.3056
24.7908
10.1900
11.4154
37.1060
12.2636
27.6540
11.3617
23.3475
58.7309
17.7012
16.5646
21.7050
6.6400
12.3005
5.3943
12.0932
7.8442
11.5375
9.3094
8.5130
12.0108
4.7725
9.4367
