-0.7764
-0.5791
-0.3994
-0.7615
-0.6484
-1.4423
-1.0076
-0.6748
-0.5900
-0.4125
-0.0174
-0.0542
-0.0365
-0.1005
-0.0476
-0.0475
-0.0601
-0.0992
-0.0254
-0.0957
-1.1919
-0.7161
-1.0722
-0.5297
-0.8617
-0.9407
-0.9559
-0.8605
-0.3617
-0.6061
-2.6241
-1.1830
-2.1156
-1.4962
-2.2075
-0.7561
-1.0330
-1.8375
-0.7960
-1.0824
-1.9742
-0.7156
-2.3132
-1.7662
-1.0033
-2.1266
-1.1289
-0.8679
-1.4954
-1.0737
-1.1583
-1.3575
-1.9442
-1.1678
-1.1857
-2.1774
-1.3939
-2.4091
-1.4020
-1.3152
-4.0542
-1.6917
-3.3495
-1.9026
-2.9477
-5.0023
-1.9412
-2.4779
-3.4627
-1.3431
-1.2245
-1.2031
-1.2493
-1.0234
-1.3525
-1.3063
-1.3680
-1.2765
-0.8090
-1.2368
