-3.3712
-7.9321
-5.5304
-5.4482
-5.0350
-5.4015
-7.1220
-6.3891
-4.3598
-5.3739
-2.1082
-2.8110
-2.9295
-4.0911
-2.6588
-2.9295
-2.7898
-2.1755
-2.5796
-3.1558
-0.6730
-1.4579
-0.3991
-0.5573
0.0224
-1.8407
-2.8890
-1.3649
-4.9054
-3.6978
-12.6480
-7.6662
-5.6369
-13.4059
-8.4277
-7.6639
-8.8002
-16.7713
-9.0174
-11.0059
-5.8360
-7.0715
-5.0946
-7.9214
-8.6951
-4.9248
-9.4967
-6.8814
-7.2912
-10.7699
-6.1741
-7.6420
-5.9073
-7.3494
-7.0496
-9.2688
-8.4156
-12.4835
-10.2105
-8.1537
-10.6097
-14.2773
-13.3573
-8.8892
-16.2375
-3.5664
-10.5892
-13.4536
-15.2125
-11.8099
-10.4381
-9.3726
-12.3646
-11.0139
-12.4259
-5.8668
-8.7911
-7.0932
-3.0022
-7.5416
