-10.6056
-7.4754
-15.5823
-13.9137
-7.9920
-7.7272
-10.3947
-6.4663
-5.5293
-5.9196
-19.1020
-17.1900
-14.5908
-16.0781
-21.3450
-19.4458
-20.4457
-17.9502
-14.8900
-12.6612
-20.8598
-11.6685
-25.1115
-13.8488
-16.1375
-19.7087
-9.6262
-16.8555
-16.7490
-13.4375
-4.1803
-7.6959
-7.8363
-6.8267
-9.7436
-9.1659
-13.9840
-12.2820
-19.4032
-17.4438
-23.1955
-9.8829
-14.7667
-13.9762
-15.1924
-10.5530
-13.7125
-14.1915
-19.1310
-21.3547
-11.8459
-17.4261
-23.7032
-21.0460
-39.4429
-20.3748
-22.2584
-16.0719
-29.8641
-23.6783
-27.3354
-10.4630
-24.9889
-23.6519
-29.2536
-34.0399
-27.4571
-33.7215
-6.4445
-20.5765
-16.3955
-10.1189
-23.4786
-17.7199
-13.5749
-14.8149
-14.8607
-16.9547
-15.4571
-11.7368
-29.1950
-24.2873
-29.5869
-23.7339
-27.9339
-35.1336
-35.5607
-34.8071
-27.6562
-20.3428
-15.3756
-8.9407
-23.9402
-20.1821
-25.3407
-21.4930
-18.1923
-14.0160
-19.6126
-20.2619
-17.9266
-25.4286
-21.0794
-12.6321
-16.9967
-22.6696
-13.6782
-20.3747
-8.1863
-9.4793
-7.1110
-5.7339
-11.2977
-14.9095
-14.0825
-8.0430
-10.1540
-11.3916
-8.0681
-9.5839
-15.4104
-8.5527
-14.6137
-22.9752
-18.3322
-16.2508
-8.9327
-19.5439
-14.3402
-15.2295
-32.3362
-31.2723
-24.9061
-25.5180
-33.5927
-32.6381
-28.3634
-26.2009
-31.6831
-24.7838
-8.2042
-4.3570
-10.0122
-18.6773
-11.2579
-24.2024
-30.4925
-18.6935
-20.8917
-21.8662
-21.5610
-17.0126
-24.0380
-13.0607
-28.5498
-26.5237
-22.6383
-19.9001
-16.5423
-16.4063
-21.9358
-23.2784
-24.9592
-31.0160
-28.1977
-19.3873
-22.5863
-22.7065
-24.6005
-28.6070
-20.9970
-19.3433
-20.6355
-21.5860
-22.3722
-26.6499
-21.0804
-18.5761
-26.5998
-25.1379
-22.5587
-35.6902
-33.8364
-19.7909
-36.6464
-33.9455
-24.9661
-19.9613
-34.6629
-29.3729
-23.8070
-32.0863
-26.6190
-28.4588
-30.9539
-20.8939
-30.9229
-25.6025
-28.0912
-24.1509
-24.1003
-20.5876
-21.5544
-21.6807
-19.5099
-15.5028
-19.3427
-17.7068
-14.0194
-16.1433
-10.3919
-16.4583
-10.3807
-13.4116
-18.3762
-18.1573
-15.5639
-13.2271
-10.9108
-16.6964
-16.2421
-21.4295
-22.7986
-30.5036
-29.9881
-21.9998
-9.6642
-15.9495
-15.2237
-15.4238
-15.9875
-20.2059
-8.7207
-16.9055
-14.2936
-7.4158
-13.5626
-16.0352
-16.3212
-16.0642
-18.3009
-9.3681
-12.4121
-18.4072
-18.4986
-21.0239
-17.7717
-20.6076
-13.0771
-7.4337
-11.3975
-8.3445
-6.8965
-10.6294
-11.4565
-15.2570
-9.7704
-17.6940
-10.6712
-7.8096
-18.5148
-19.5984
-16.8908
-19.1620
-11.8608
-20.9620
-24.9242
-20.8066
-25.7685
-28.5958
-20.8357
-29.4669
-25.0671
-28.4415
-16.3540
-15.9665
-21.6017
-15.1792
-20.0906
-15.8868
