-1.4685
-0.5027
-1.7696
-0.8230
-0.4659
-0.4488
-1.2368
-0.3783
-1.4028
-1.7267
-6.4071
-6.9642
-6.6341
-6.3159
-8.3266
-9.5066
-8.0308
-8.4020
-5.9235
-6.6792
-1.8387
-1.1202
-2.3009
-1.3028
-1.9140
-1.4934
-1.3450
-1.9821
-3.9524
-1.0392
-2.4066
-5.7202
-5.9780
-4.8631
-7.3857
-7.4436
-10.5443
-7.2625
-17.1708
-11.6608
-3.9187
-1.8690
-2.2444
-2.7280
-2.1935
-1.4447
-1.2850
-2.3324
-2.7070
-4.2763
-0.4477
-0.6672
-0.9383
-0.8794
-3.6499
-0.8737
-1.0357
-0.6425
-1.5169
-0.9880
-1.1328
-0.3258
-0.9191
-0.9242
-1.1540
-1.7126
-1.0509
-1.5235
-0.1553
-0.7397
-2.4625
-1.8224
-5.6321
-2.6906
-1.9162
-2.6272
-3.8845
-2.4287
-2.6433
-1.7226
-13.6759
-5.2998
-4.9444
-5.4206
-5.8620
-5.4854
-8.6178
-10.7515
-6.0469
-3.4197
-3.8550
-2.0666
-4.9294
-3.8254
-4.6408
-4.9522
-4.4014
-2.6437
-4.0673
-3.6845
-3.8101
-7.3568
-3.8961
-1.4320
-2.9244
-10.7170
-2.4338
-4.4233
-1.4444
-1.3166
-5.8511
-3.7608
-8.0396
-10.1549
-8.7699
-8.3661
-7.3627
-7.6497
-6.9930
-7.0673
-2.0485
-0.6775
-2.2443
-9.2243
-5.4340
-2.3044
-1.0154
-2.8277
-1.6235
-6.0050
-1.7757
-1.8691
-1.4495
-1.3617
-2.3815
-2.2035
-2.0145
-1.3936
-2.0103
-1.1999
-0.9818
-0.5170
-3.1947
-5.3658
-2.5137
-7.7079
-13.2137
-6.3502
-4.6534
-5.9174
-4.4887
-3.5561
-6.8066
-3.5038
-6.6183
-6.2422
-6.8246
-4.5729
-4.2016
-5.6997
-9.5654
-14.0833
-12.4693
-24.0058
-17.6558
-12.1817
-17.5171
-12.8395
-22.0660
-19.2266
-1.2262
-0.9901
-1.1958
-1.1559
-1.2421
-1.6208
-1.1490
-1.0495
-1.7505
-1.7004
-1.2564
-2.3259
-2.1540
-0.9400
-2.6107
-2.4509
-1.4989
-1.1722
-2.0913
-1.5766
-6.7243
-7.7553
-7.9412
-7.7275
-5.4775
-4.1177
-5.1953
-6.0503
-5.5376
-5.1292
-3.6381
-3.6189
-3.2814
-2.3753
-2.1929
-2.3945
-2.7960
-2.0152
-2.9684
-2.6240
-3.3261
-6.1889
-3.5434
-3.3630
-6.3634
-6.7178
-6.2912
-4.0499
-4.6942
-7.4073
-1.0471
-2.4677
-2.8556
-3.0715
-3.9824
-2.6246
-1.0666
-1.8852
-1.9779
-3.0589
-6.9600
-8.9706
-1.9094
-5.4831
-4.0601
-3.2577
-5.6869
-5.5860
-7.4722
-6.9454
-5.6368
-4.3942
-3.6470
-6.0423
-6.4821
-5.8282
-5.7867
-6.9014
-5.4819
-3.6383
-6.5046
-6.8662
-4.6666
-8.7255
-6.7842
-8.4591
-6.1743
-9.1871
-5.4704
-5.1300
-1.9111
-1.1285
-0.9394
-2.1633
-1.5887
-1.3520
-1.5914
-1.2665
-1.9307
-2.3337
-1.6115
-2.5560
-2.0432
-2.1732
-1.0577
-0.8969
-1.8646
-0.7634
-1.3276
-1.0901
