-5.8370
-7.8986
2.7444
-6.3544
-4.7398
-7.5307
-7.9812
-7.2843
-2.0729
0.4581
0.4827
11.5096
18.9103
5.4399
26.1744
36.9145
13.3878
34.2354
15.6742
26.7626
-10.5007
-7.6582
-9.6381
-10.0981
-10.0218
-4.6745
-3.1572
-6.1333
-11.8344
-9.4631
-8.5773
-24.1426
-29.3013
-27.6667
-38.6528
-46.2532
-38.8953
-50.8650
-85.3908
-52.8517
-1.6031
2.7782
1.9818
1.6083
-1.0932
-1.6983
-0.6296
0.3652
0.4043
12.5992
-9.5492
-14.5847
-16.3290
-15.2201
-4.3564
-13.4813
-14.5678
-15.5865
-12.7570
-16.7471
-15.6039
-8.6946
-17.4438
-15.8144
-18.0783
-16.2743
-14.0808
-17.1839
-6.3122
-14.4386
-6.8974
-0.0860
0.1401
-1.0424
-6.9537
-3.4032
11.8469
-0.4287
-1.6734
-5.5683
-23.8000
-16.6119
-19.8485
-20.7620
-22.4989
-21.0719
-16.8753
-21.1156
-20.0975
-17.5671
-9.7920
-5.8105
-19.2294
-15.8759
-20.1374
-26.6422
-15.8489
-12.6015
-34.1814
-19.2961
4.1247
9.8708
4.8752
0.3401
5.6919
16.4156
4.2426
5.5840
3.6790
0.8929
45.5878
37.0713
48.0290
62.7565
53.7338
65.4401
58.8551
50.6461
52.2621
47.7196
-6.4421
-5.3476
-12.8603
-4.0243
-10.0059
-8.1395
-8.7639
-9.0209
-8.6983
-22.7798
-17.7725
-16.5119
-17.0509
-17.5412
-11.8955
-14.6728
-12.2278
-17.8248
-16.6983
-16.6496
-6.8222
-7.2150
-23.9425
-16.4151
-16.5052
-31.9703
-23.9848
-23.5385
-19.0000
-21.0607
-11.4468
-11.7147
-30.2905
-23.4491
-17.4165
-15.7235
-25.0920
-15.8176
-14.5578
-4.2995
-58.3211
-71.8205
-69.5530
-104.4627
-101.1822
-79.6674
-93.7098
-79.1835
-102.8219
-96.5725
-10.3425
-11.3742
-9.7080
-13.8091
-10.5080
-11.0072
-13.1923
-8.5784
-10.0526
-8.8246
-16.8182
-14.2251
-15.3035
-16.7856
-18.9527
-19.1205
-16.1091
-15.1414
-16.4291
-19.2576
-18.6325
-13.6184
-3.8529
-10.7258
-19.5969
-19.3431
-16.1142
-8.6798
-16.6261
-13.1180
-0.0410
6.0333
6.4393
4.5353
-0.6796
1.7804
7.6389
3.3307
3.4672
5.7597
-4.6014
1.1423
3.7652
0.0397
-3.6913
7.0685
11.0039
10.7831
17.8749
23.7748
-14.8242
-6.3832
-15.5411
-9.4802
-16.9648
-0.8061
-0.9588
-2.5349
1.0756
-12.2525
4.6485
-1.4614
-0.0651
3.7053
-0.7316
6.6460
1.9761
2.4928
4.5786
-2.3521
20.9580
25.4594
7.9670
25.2487
8.1179
-1.9006
6.1124
-13.2562
26.5897
22.2629
41.6391
47.6541
36.6995
55.8529
48.1718
58.9177
44.9328
61.0529
43.9288
44.0107
-7.2168
-4.6390
-10.1809
-11.7520
-13.6283
-10.0920
-11.0487
-12.8663
-9.1871
-12.6724
-15.3999
-13.7656
-15.0172
-16.4354
-11.2811
-13.0216
-8.2794
-13.3361
-10.1043
-14.7345
