-1.7991
-2.0668
-2.0303
-2.2085
-1.9037
-2.6938
-0.8812
-2.9490
-0.3822
-1.7959
-0.9432
-1.1482
-0.9905
-0.9611
-2.5087
-1.0279
-0.8316
-1.2669
-1.2079
-0.6634
-1.7548
-1.3854
-2.8757
-1.3570
-1.4112
-2.6625
-1.3018
-0.8124
-1.0420
-0.8498
-1.5300
-1.9904
-2.5051
-1.2714
-2.9505
-2.8259
-1.5134
-0.5539
-1.1236
-0.5085
-0.8027
-1.4030
-1.3140
-3.5991
-0.9380
-2.6072
-1.7853
-2.0230
-0.7105
-0.9081
-1.0749
-1.2934
-0.9600
-0.8459
-1.1538
-1.3123
-0.7652
-1.2637
-1.1093
-1.4717
-0.8898
-0.6116
-0.5099
-0.7615
-1.4398
-0.5482
-0.4043
-0.9702
-0.7657
-0.6353
-1.5552
-1.9569
-2.2235
-1.2480
-1.4402
-0.8974
-1.0104
-3.1282
-1.7453
-1.2199
-1.3059
-1.4504
-2.4467
-2.1023
-3.0880
-3.0805
-1.8795
-3.4296
-3.5258
-1.6829
