-11.5649
-14.8283
-17.4575
-15.4935
-16.9832
-19.4204
-8.3803
-21.3723
-3.7366
-12.0507
-12.8515
-15.5315
-13.3095
-13.3361
-20.4987
-13.4835
-11.7557
-16.1050
-15.0975
-10.7951
-19.6370
-15.3998
-23.8912
-15.2124
-15.2987
-22.5878
-14.5452
-7.8161
-10.5932
-10.0242
-16.9939
-18.0757
-22.3729
-13.0292
-21.3161
-20.4983
-9.5092
-6.8176
-10.0880
-6.4087
-10.5305
-15.3563
-13.3623
-22.0859
-11.0707
-18.9352
-16.2300
-17.7698
-8.5462
-12.3413
-14.1950
-15.5135
-14.4003
-13.8494
-16.3894
-16.9098
-11.9743
-18.3318
-14.8656
-17.5295
-11.2337
-8.4697
-6.1936
-8.7470
-13.4016
-7.6139
-5.9234
-10.7106
-9.2425
-7.7336
-14.6499
-19.1031
-23.2534
-12.0576
-16.3277
-10.6745
-11.4304
-21.5893
-19.1624
-15.5888
-14.7182
-15.9301
-17.6206
-21.3371
-26.8424
-20.6679
-16.0186
-25.7119
-27.4860
-16.6789
