-6.3752
-3.1338
-12.7214
-9.4046
-9.3194
-7.2917
-0.0372
-10.1053
-1.3926
-5.2436
34.0281
42.3189
53.7796
40.3977
35.5660
46.7482
50.7598
46.2807
51.5423
49.3672
-26.2061
-23.7505
-33.3659
-24.9938
-31.0548
-44.0260
-26.3968
-12.9500
-8.9886
-23.4543
-1.9854
-4.6510
-10.8397
-8.0016
-13.6784
-14.4058
-6.8338
1.8287
-4.6508
-3.1321
-0.9182
-2.4767
-3.6698
-9.3437
-1.1782
-5.3634
-6.6712
-6.1503
-1.9650
-0.6055
3.6270
0.1669
0.5065
2.0725
3.6925
0.5133
4.8463
1.9297
2.3683
1.9535
0.6815
-1.2794
-3.7867
3.5747
-7.9622
-2.4562
-0.6827
7.4141
4.6840
5.1083
-3.0296
-0.8714
-8.2490
-0.6626
-3.4824
-2.6806
-2.6784
-8.4827
-4.4125
-2.4270
-6.1461
-9.1793
-9.8579
-8.5895
-15.7063
-14.0871
-9.9969
-13.8569
-18.3366
-6.6166
