9.1698
11.5824
3.8638
8.1294
7.5719
18.3940
4.0175
16.7868
-0.5938
6.9713
41.5787
52.9842
64.5149
48.5871
59.8506
56.3250
59.9532
60.9369
64.0737
54.8941
-11.6397
-11.1468
-2.8069
-14.9296
-19.5811
-17.0711
-18.0462
-11.0698
-5.0766
-20.0377
10.0499
12.4536
13.1834
1.8235
13.0767
11.5593
5.2629
4.7970
3.4467
-0.7357
1.2052
4.5740
2.8993
15.9780
2.5379
11.9861
5.1127
6.8477
-0.1943
2.8365
11.8019
10.4139
6.5267
6.2879
13.3416
10.6771
8.3220
13.2128
9.4871
17.9406
6.2613
1.6284
-1.6518
7.9621
5.8363
1.3686
0.9465
16.5937
10.6754
9.2846
6.8262
13.5063
11.0639
6.0922
6.2139
1.6970
1.9267
13.6150
10.4635
4.9915
3.5007
2.1477
7.3329
8.8678
15.3866
11.2534
4.5489
15.8540
17.0993
6.4481
