15.5450
14.7162
16.5852
17.5340
16.8914
25.6858
4.0548
26.8921
0.7987
12.2149
7.5506
10.6653
10.7353
8.1895
24.2845
9.5767
9.1934
14.6562
12.5314
5.5269
14.5664
12.6037
30.5590
10.0642
11.4736
26.9549
8.3506
1.8801
3.9121
3.4166
12.0353
17.1046
24.0231
9.8251
26.7550
25.9651
12.0967
2.9683
8.0976
2.3964
2.1234
7.0507
6.5691
25.3217
3.7162
17.3495
11.7839
12.9979
1.7707
3.4420
8.1749
10.2470
6.0202
4.2154
9.6491
10.1638
3.4757
11.2831
7.1187
15.9871
5.5798
2.9078
2.1349
4.3874
13.7985
3.8247
1.6292
9.1796
5.9914
4.1764
9.8558
14.3777
19.3129
6.7548
9.6963
4.3776
4.6050
22.0977
14.8761
7.4185
9.6468
11.3270
17.1908
17.4573
31.0929
25.3405
14.5458
29.7109
35.4359
13.0647
