-1.0709
-1.8523
-2.6524
-2.1147
-2.2641
-3.0084
-0.8221
-2.7718
-0.4653
-1.5609
-7.5182
-7.9302
-9.3566
-7.9970
-8.8227
-7.7269
-7.7693
-9.0677
-7.8276
-7.3726
-6.7021
-5.0520
-8.4417
-5.5692
-6.3545
-8.3111
-5.3563
-3.7537
-3.9733
-4.5465
-1.4219
-1.9675
-2.8617
-1.9554
-2.4275
-3.8612
-1.6122
-0.7038
-1.0502
-0.5083
-0.6616
-1.0369
-0.8297
-1.8418
-0.5912
-1.5172
-1.1475
-1.0971
-0.4511
-0.7308
-1.9978
-1.9477
-1.5119
-1.1518
-2.3863
-1.8876
-1.3055
-2.1559
-1.5107
-2.6308
-8.0337
-6.2817
-4.9707
-6.5693
-9.9085
-6.0195
-4.8703
-8.3333
-7.1952
-6.3111
-1.7293
-2.1705
-2.3995
-0.9333
-1.3490
-0.7841
-1.1327
-2.0857
-1.8776
-1.6723
-0.7143
-1.1319
-1.2029
-1.1454
-1.8867
-1.8271
-1.1041
-2.0033
-1.9108
-0.8333
