-4.3127
-7.2288
-15.9095
-9.3194
-12.4072
-6.4933
-5.7776
-8.7531
-4.7418
-7.7686
17.3786
23.7357
35.9562
23.1310
24.1068
28.0544
33.1157
30.8372
33.9727
31.7602
-31.5064
-25.2586
-29.6883
-28.4787
-33.9012
-40.8489
-30.2066
-16.8182
-14.9639
-26.2258
-10.0081
-10.0749
-13.7938
-12.5703
-12.6802
-14.3377
-6.4326
-3.4882
-7.8354
-6.8285
-10.7505
-13.2403
-12.1401
-11.5681
-10.4051
-10.9254
-13.8534
-13.7188
-9.7854
-11.4735
-4.7696
-7.5881
-9.5643
-9.1773
-5.5521
-8.7942
-5.2886
-7.5963
-7.7088
-2.8570
-6.7945
-6.3972
-6.6207
-3.3216
-11.5646
-7.0358
-4.1427
1.8895
-0.8346
-1.4122
-10.7464
-9.9709
-16.3367
-8.6632
-12.7801
-10.1607
-11.4154
-12.8665
-12.0790
-13.2694
-12.5078
-15.3100
-13.2134
-14.9754
-15.5673
-13.4909
-13.4658
-14.5923
-14.9065
-12.1357
