-1.7902
-2.0313
-2.0046
-2.1923
-1.8839
-2.6583
-0.8730
-2.9273
-0.3784
-1.7742
-0.8815
-1.0880
-0.9288
-0.9052
-2.4137
-0.9702
-0.7896
-1.2046
-1.1649
-0.6308
-1.7170
-1.3650
-2.8164
-1.3319
-1.3757
-2.5961
-1.2612
-0.7911
-1.0193
-0.8240
-1.5157
-1.9671
-2.4875
-1.2636
-2.9305
-2.8087
-1.5002
-0.5406
-1.1091
-0.4985
-0.8045
-1.3984
-1.3118
-3.5927
-0.9386
-2.5945
-1.7817
-2.0158
-0.7080
-0.9070
-1.0698
-1.2832
-0.9524
-0.8389
-1.1486
-1.2994
-0.7624
-1.2531
-1.0980
-1.4611
-0.8276
-0.5720
-0.4810
-0.7094
-1.3407
-0.5183
-0.3856
-0.8954
-0.7112
-0.5946
-1.5489
-1.9410
-2.2147
-1.2407
-1.4286
-0.8923
-1.0087
-3.1137
-1.7396
-1.2165
-1.2930
-1.4376
-2.4369
-2.0851
-3.0735
-3.0725
-1.8669
-3.4119
-3.5067
-1.6708
