-11.5633
-14.8229
-17.6052
-15.6151
-17.0699
-19.5360
-8.3915
-21.5120
-3.7344
-12.0728
-12.8562
-15.5570
-13.3652
-13.3617
-20.4721
-13.5287
-11.7920
-16.1349
-15.1422
-10.8312
-19.7735
-15.5897
-24.1029
-15.3197
-15.4465
-22.8185
-14.6781
-7.8484
-10.6540
-10.1037
-16.9387
-17.9951
-22.3876
-13.1219
-21.4199
-20.6433
-9.5089
-6.7780
-10.0757
-6.3897
-10.5448
-15.4098
-13.4056
-22.1313
-11.0963
-18.9944
-16.2198
-17.7900
-8.5527
-12.3674
-14.3153
-15.6247
-14.4860
-13.9175
-16.5481
-17.0058
-12.0645
-18.4721
-14.9308
-17.6882
-11.2170
-8.4302
-6.1310
-8.6974
-13.3574
-7.5503
-5.8721
-10.6760
-9.1982
-7.6730
-14.7660
-19.2533
-23.4331
-12.1069
-16.4135
-10.7251
-11.5056
-21.7467
-19.2923
-15.7149
-14.6965
-15.9140
-17.6244
-21.3601
-26.8476
-20.6504
-16.0245
-25.7044
-27.4935
-16.6673
