-6.4587
-2.7653
-13.1534
-9.6160
-9.6902
-6.8748
0.1960
-10.0787
-1.5624
-5.3100
37.5043
46.5444
58.9140
44.4405
39.8169
51.0738
55.1918
50.9215
56.3129
53.8216
-27.9771
-25.1022
-35.3449
-26.8570
-33.1077
-46.8573
-28.2344
-13.9254
-9.6138
-25.2374
-1.6821
-4.2003
-10.9603
-8.5495
-13.5734
-14.6884
-7.2814
2.2024
-4.9842
-3.4665
-0.9275
-2.3573
-3.7410
-9.3765
-1.0971
-5.2240
-7.0242
-6.3254
-2.0618
-0.4753
4.2721
0.5482
0.8126
2.4917
4.4058
0.9159
5.4994
2.5197
2.9218
2.6566
0.7510
-1.6006
-4.1349
3.9810
-8.0446
-2.6202
-0.9338
8.2157
5.1986
5.6421
-2.6001
0.2180
-8.1453
-0.0812
-3.2048
-2.6508
-2.4656
-8.0673
-4.2358
-2.0592
-6.5521
-9.7939
-10.3697
-8.9884
-16.4227
-14.8545
-10.5463
-14.3775
-19.0646
-7.0026
