9.0279
11.8986
3.5473
7.9700
7.2958
18.9377
4.2416
16.9549
-0.7668
6.8728
44.8553
57.0327
69.5079
52.4608
63.7486
60.5268
64.2479
65.3933
68.7594
59.2652
-13.2251
-12.3268
-4.4118
-16.6908
-21.4582
-19.4937
-19.7586
-12.0281
-5.6780
-21.7573
10.3169
12.8068
13.1398
1.4109
13.2907
11.5443
4.8692
5.1623
3.1189
-1.0738
1.2021
4.7026
2.8461
15.9845
2.6352
12.1705
4.8061
6.7074
-0.2840
2.9753
12.5247
10.8808
6.8781
6.7355
14.1565
11.1561
9.0073
13.9045
10.0807
18.8087
6.1425
1.1781
-2.1479
8.1389
5.2417
0.9682
0.5861
16.9776
10.8802
9.5470
7.3274
14.6863
11.3632
6.6826
6.5488
1.7573
2.1778
14.1798
10.7809
5.4605
3.1113
1.5658
6.8674
8.5155
14.7920
10.5504
4.0328
15.3927
16.5172
6.0853
