15.4866
14.6639
16.7006
17.5860
16.9861
25.8125
4.0456
27.0336
0.7956
12.1829
7.3510
10.4883
10.5939
8.0203
23.9317
9.4530
9.0561
14.4718
12.4464
5.4436
14.7520
12.7753
30.9331
10.1662
11.6495
27.3635
8.4758
1.8972
3.9358
3.4801
11.9990
17.0071
24.1001
9.9604
26.8642
26.2327
12.1506
2.9599
8.1030
2.3927
2.1296
7.0599
6.5871
25.3610
3.7322
17.3945
11.8303
13.0328
1.7778
3.4506
8.2526
10.3327
6.0655
4.2438
9.7507
10.2402
3.5079
11.3848
7.1588
16.1521
5.3916
2.7787
1.9870
4.1579
13.2863
3.5884
1.5198
8.7620
5.6817
3.9049
9.9274
14.4683
19.5086
6.7638
9.7536
4.4081
4.6434
22.2471
15.0168
7.5196
9.6634
11.3597
17.2371
17.5039
31.2147
25.4050
14.5790
29.7702
35.5818
13.0879
