-0.8249
-1.3563
-1.9037
-1.5280
-1.6812
-2.3358
-0.5536
-2.1149
-0.2771
-1.0971
-4.7019
-5.3216
-6.3041
-5.1467
-6.0700
-5.1254
-5.2044
-6.1307
-5.1659
-4.4627
-4.0706
-3.0760
-5.6003
-3.3311
-3.8429
-5.3957
-3.0801
-2.0621
-2.3053
-2.4909
-1.0971
-1.4845
-2.1728
-1.4450
-1.8909
-2.9846
-1.1544
-0.4974
-0.7659
-0.3799
-0.4263
-0.7508
-0.5876
-1.4752
-0.4132
-1.1559
-0.7996
-0.8266
-0.3033
-0.4972
-1.5319
-1.5239
-1.0594
-0.7682
-1.9692
-1.4678
-0.8692
-1.7726
-1.0579
-2.2025
-4.5424
-3.2088
-2.5469
-3.5067
-6.1494
-3.2424
-2.3269
-5.0646
-4.1688
-3.5076
-1.2461
-1.7279
-1.9013
-0.6179
-0.9224
-0.5107
-0.7315
-1.6658
-1.4367
-1.1990
-0.5536
-0.8207
-0.9593
-0.9273
-1.5011
-1.4172
-0.8303
-1.5617
-1.5566
-0.6801
