-4.3688
-6.9673
-14.3430
-8.7748
-10.9825
-5.9688
-6.0133
-7.6673
-4.4352
-7.0216
12.1841
17.9370
27.9870
17.2018
19.3203
21.5548
25.8299
23.6864
25.3471
22.7011
-27.8169
-21.1362
-24.8017
-24.8446
-28.4592
-34.0413
-26.7345
-15.8550
-14.7016
-23.5311
-9.4828
-9.7409
-12.1927
-10.8116
-11.6604
-12.2695
-5.9936
-3.9136
-7.5058
-6.8109
-10.4992
-13.1271
-11.7595
-11.3649
-10.0279
-10.8781
-12.7649
-13.0980
-9.1450
-11.1362
-4.8613
-7.1880
-9.3857
-9.5720
-5.1574
-8.5119
-6.0467
-7.2753
-8.1910
-2.6919
-8.6320
-9.1206
-8.8879
-6.1137
-11.2700
-7.9802
-7.2106
-1.1789
-3.6557
-3.7235
-9.9123
-8.9320
-14.2883
-8.3592
-11.8639
-9.4881
-10.5024
-11.4864
-10.6821
-12.0048
-11.7923
-14.1352
-12.3827
-14.1359
-14.3005
-12.1345
-12.2927
-13.4237
-13.6323
-11.5412
