-1.1473
-0.6482
-2.8508
-1.6950
-0.6363
-0.6482
-1.2070
-0.6590
-0.5411
-0.4888
-3.8569
-2.2588
-1.1407
-2.0185
-2.6933
-2.0682
-2.6372
-1.4959
-1.2799
-0.9941
-2.6061
-0.9922
-2.8725
-1.2585
-1.7950
-2.6014
-0.8393
-1.9878
-3.3815
-1.3377
-0.3757
-1.3622
-1.3528
-1.1191
-1.5388
-1.5945
-2.6501
-1.8068
-5.0182
-2.7800
-3.5019
-0.6927
-1.1423
-1.1829
-1.4974
-0.9650
-1.1450
-1.2040
-1.7817
-2.3161
-0.8038
-1.3769
-1.7234
-1.6274
-7.2075
-1.6756
-1.9604
-1.1058
-3.4226
-1.7649
-2.5863
-0.7035
-1.6607
-1.8372
-2.2399
-3.0773
-1.5795
-2.8114
-0.4793
-1.4011
-1.6644
-0.8655
-6.5892
-2.5696
-1.4032
-1.5805
-1.6415
-1.7525
-1.7234
-1.0817
-12.1013
-2.9285
-3.2784
-3.3062
-3.7166
-4.1305
-5.6765
-7.6893
-3.9851
-2.0186
-2.8571
-0.7863
-2.4688
-2.2782
-3.2024
-1.9742
-1.5452
-1.6904
-2.0619
-2.3029
-1.6419
-2.2045
-1.7384
-0.8493
-1.2242
-1.5224
-0.8188
-1.8070
-0.5344
-0.7114
-0.4532
-0.3630
-0.9820
-1.6668
-1.4939
-0.4593
-0.8694
-0.9612
-0.4805
-0.6847
-2.6116
-0.7542
-2.2210
-13.9660
-5.7484
-2.0302
-1.1701
-3.2206
-1.4427
-7.1440
-4.0032
-3.6847
-3.1405
-2.7332
-5.2869
-4.7308
-4.8427
-2.5522
-4.5873
-2.5821
-0.7719
-0.5004
-2.8001
-6.6990
-1.8631
-7.6299
-13.2011
-7.8864
-4.2989
-6.4743
-2.2709
-1.9980
-2.9351
-1.1497
-3.6109
-2.7935
-3.2042
-2.0505
-1.7100
-2.1890
-2.7855
-5.0707
-4.2236
-14.2929
-5.6446
-4.7877
-10.1017
-5.2305
-12.1649
-9.8780
-2.1068
-1.8047
-1.8957
-1.7229
-2.2115
-2.9497
-1.6776
-1.6400
-3.2338
-3.0464
-2.4861
-5.0821
-5.0213
-1.8541
-5.2574
-4.7016
-3.2674
-2.3094
-4.6547
-3.3426
-2.4867
-4.2452
-3.7295
-3.5040
-3.1269
-1.7117
-3.3819
-3.0108
-3.2767
-2.0518
-2.4394
-2.5119
-3.1630
-2.5945
-1.7193
-1.3069
-2.2558
-1.9844
-1.0098
-1.8385
-0.9441
-2.6794
-0.8372
-1.4472
-2.0012
-1.8594
-1.0022
-0.8248
-0.7177
-1.1607
-1.4840
-3.1244
-2.5016
-4.0785
-3.5637
-2.1738
-1.0827
-1.9930
-1.9113
-2.4939
-1.2641
-3.2869
-0.5986
-1.7687
-1.6603
-0.4019
-1.0245
-1.1172
-1.3154
-2.8306
-1.7806
-0.6368
-0.8857
-1.7342
-1.6840
-2.6482
-1.5494
-4.8623
-1.0697
-0.5327
-1.2591
-0.6135
-0.5253
-0.6935
-0.8732
-1.8721
-0.8425
-2.3946
-1.0092
-0.5017
-1.4991
-2.4144
-1.4554
-3.1186
-1.6001
-1.9106
-2.3685
-1.8739
-4.1753
-4.3764
-2.8067
-4.8717
-3.4850
-4.0339
-2.4343
-1.9327
-4.3954
-1.4557
-2.3127
-1.4813
