-10.6231
-7.4585
-15.5652
-13.9086
-8.0100
-7.7252
-10.4058
-6.4653
-5.5445
-5.9379
-18.9844
-17.0967
-14.4863
-15.9861
-21.2459
-19.3872
-20.3482
-17.8730
-14.7908
-12.5847
-20.8414
-11.6529
-25.1027
-13.8286
-16.0961
-19.7135
-9.6052
-16.8243
-16.7369
-13.4333
-4.1030
-7.5990
-7.7388
-6.7156
-9.6307
-9.0537
-13.8917
-12.1665
-19.2486
-17.3153
-23.2151
-9.9269
-14.8110
-14.0361
-15.2359
-10.5968
-13.7312
-14.2423
-19.1723
-21.4081
-11.8574
-17.4329
-23.7537
-21.0761
-39.4528
-20.4091
-22.2901
-16.0922
-29.9106
-23.7249
-27.3825
-10.4760
-25.0451
-23.7035
-29.3084
-34.1051
-27.5356
-33.8007
-6.4580
-20.6005
-16.4215
-10.1564
-23.4853
-17.7326
-13.5880
-14.8480
-14.9363
-16.9967
-15.4926
-11.7684
-29.2199
-24.3314
-29.6862
-23.7812
-28.0063
-35.2573
-35.6289
-34.8655
-27.7251
-20.4089
-15.3839
-8.9567
-23.9983
-20.2698
-25.4260
-21.5911
-18.2422
-14.0545
-19.6994
-20.3032
-17.8311
-25.3123
-20.9919
-12.5786
-16.9184
-22.5409
-13.5913
-20.2808
-8.1393
-9.4180
-6.9757
-5.6119
-11.1373
-14.6894
-13.8761
-7.8481
-9.9541
-11.2066
-7.8904
-9.4124
-15.3933
-8.5484
-14.5969
-22.9344
-18.2952
-16.2796
-8.9338
-19.5653
-14.3676
-15.2302
-32.4020
-31.3222
-24.9434
-25.5658
-33.6534
-32.7014
-28.3859
-26.2442
-31.7421
-24.8273
-8.2256
-4.3499
-10.0141
-18.6465
-11.2664
-24.2259
-30.5552
-18.6933
-20.9285
-21.8914
-21.6675
-17.0922
-24.1133
-13.1282
-28.6567
-26.6205
-22.7151
-19.9855
-16.6093
-16.4442
-21.8457
-23.1880
-24.8716
-30.8770
-28.0699
-19.2500
-22.4662
-22.5708
-24.4743
-28.4770
-21.0261
-19.3691
-20.6841
-21.6214
-22.4145
-26.6917
-21.1249
-18.5938
-26.6354
-25.1664
-22.5864
-35.7522
-33.8887
-19.8162
-36.6974
-33.9886
-25.0120
-19.9860
-34.7246
-29.4270
-23.8715
-32.1905
-26.6682
-28.5422
-31.0686
-20.9858
-31.0537
-25.6905
-28.2114
-24.2376
-24.0154
-20.5063
-21.4804
-21.6253
-19.4544
-15.4388
-19.2762
-17.6432
-13.9452
-16.0663
-10.2778
-16.3184
-10.2714
-13.2827
-18.2212
-18.0095
-15.4430
-13.1116
-10.8171
-16.5781
-16.2469
-21.4156
-22.8003
-30.4982
-29.9556
-22.0246
-9.6552
-15.9461
-15.2332
-15.4026
-15.8500
-20.0806
-8.6168
-16.7655
-14.1587
-7.3246
-13.4323
-15.8889
-16.1654
-15.9331
-18.2267
-9.3264
-12.3105
-18.3128
-18.3710
-20.9082
-17.6613
-20.4779
-13.0102
-7.3895
-11.2316
-8.2223
-6.7798
-10.5033
-11.2849
-15.0638
-9.6059
-17.4742
-10.4905
-7.6668
-18.5603
-19.6083
-16.9131
-19.1673
-11.8703
-20.9628
-24.9684
-20.8260
-25.7836
-28.6210
-20.8529
-29.4943
-25.0942
-28.4716
-16.3677
-15.9846
-21.6210
-15.2037
-20.1053
-15.8911
