-5.5249
-4.1891
-13.3225
-8.8977
-1.1343
-3.9802
-7.0277
-4.4019
-0.6468
2.5899
1.3668
22.1373
29.7198
7.2910
32.3623
43.8716
16.4034
49.2684
28.0246
44.7574
-12.9895
-3.3550
-18.5834
-6.9986
-9.7176
-8.9337
-2.7862
-8.9124
-18.3975
-7.1743
-204.6542
-242.5968
-250.8752
-249.7212
-274.4345
-275.9323
-277.6769
-288.1867
-335.5263
-292.0822
-3.5041
10.3832
13.1597
8.0869
6.1778
4.4686
7.4590
7.8122
10.3740
7.7207
-0.4578
-7.0000
-2.8021
-6.2671
-36.9466
-6.1001
-5.0390
-4.9043
-12.9419
-5.9930
-7.2581
-0.7661
-5.1636
-4.6328
-6.9590
-8.4457
-1.1049
-6.2958
-0.4703
-3.6939
-13.2628
-2.7260
-26.0805
-6.7814
-7.6125
-9.9088
-1.9509
-6.4933
-9.4685
-7.4809
-42.2853
-20.2500
-27.3014
-27.9005
-27.5488
-33.6972
-37.3428
-36.9618
-30.2192
-18.9073
-21.9577
-9.8169
-28.7899
-28.7708
-29.7071
-42.5284
-20.3136
-19.1169
-47.8393
-25.8922
14.2082
19.7131
15.3087
14.2658
18.2101
29.3020
17.9291
15.9457
14.1384
11.9648
284.8111
269.8188
287.3380
315.4095
300.0209
320.4828
310.3468
295.9200
297.9983
291.6940
-7.0189
-1.3451
-13.2863
-34.1209
-18.6813
-4.1090
-2.0966
-6.2366
-3.4311
-30.9768
-16.4859
-16.5036
-12.6672
-10.8331
-19.7825
-18.4151
-18.5177
-10.7941
-18.6244
-10.8393
-6.9901
-5.8980
-29.5252
-25.3861
-17.4581
-52.9553
-69.4808
-42.2226
-34.1354
-38.9897
-14.9870
-11.0541
-42.2444
-33.3438
-20.7542
-23.1357
-31.2996
-14.7946
-14.8748
-3.7528
-301.9383
-324.6775
-329.4768
-389.5991
-383.3423
-336.3084
-355.2894
-326.2719
-362.5615
-368.3546
-5.9197
-5.3277
-3.8061
-4.0607
-5.3695
-10.9979
-2.5930
-4.4104
-12.1455
-9.8623
-9.0101
-20.2464
-19.2497
-6.9206
-19.3628
-17.4924
-12.1856
-8.3276
-17.3234
-13.8140
-14.1036
-18.1313
-11.1382
-13.4061
-13.6233
-11.6534
-16.3061
-8.5160
-12.4728
-4.6956
-2.8073
7.1129
1.8100
4.5987
1.7681
3.3398
9.6482
6.1713
5.6614
10.1335
-2.1691
0.9239
16.6255
8.1347
-6.3922
13.9810
14.7607
22.9139
32.9361
38.0643
-7.1607
-12.5790
-13.2023
-11.3661
-16.5573
6.2733
7.4672
5.5245
7.5889
-8.0870
8.9430
-6.9376
3.8224
6.5126
1.3118
10.1550
5.8914
7.5691
8.1116
-4.5421
35.7787
48.3096
15.6235
38.7287
7.3180
-7.2596
8.7506
-23.4578
43.2222
42.0612
284.5643
285.6813
265.5761
297.6749
297.9007
311.4872
291.0847
314.2779
290.6582
288.2460
-1.7089
-6.3756
-6.9099
-11.3036
-8.2359
-5.8110
-9.0945
-8.6168
-21.0151
-21.0375
-6.9983
-15.5503
-9.5063
-14.2682
-6.1701
-4.9926
-8.2712
-3.0461
-3.2744
-4.6842
