4.4201
-1.3333
21.2136
8.2428
2.6495
-0.9697
2.8704
-1.8304
2.6819
6.2759
31.5273
41.3745
41.9088
28.2240
64.1389
73.5786
44.2608
70.9311
39.1842
53.6714
10.2958
2.2534
15.2716
1.3494
4.6760
15.8268
4.0543
10.3281
7.2983
0.9112
-202.6624
-233.5177
-241.5984
-243.9431
-265.4620
-267.1626
-258.1248
-280.5513
-304.9840
-270.8322
31.0611
16.5552
23.4629
20.0242
20.6008
11.6240
18.3922
20.1911
27.8882
43.7495
2.7591
3.4155
9.1551
6.8697
44.4896
7.6484
9.8803
0.8550
20.8260
8.3016
14.6673
1.9226
9.3751
9.7656
14.0466
22.0113
15.4814
20.5020
0.0896
7.5962
6.3353
6.3892
28.8731
16.6922
4.4254
8.9924
26.4182
14.3679
10.5975
2.6553
17.9960
4.4739
6.7623
-0.7691
4.6856
13.4263
20.5110
21.1534
5.4137
-3.2012
-1.4170
-7.3497
-6.1628
-7.2179
-3.6106
-20.4192
-8.4259
-8.3505
-32.5034
-9.0706
25.0520
38.4488
30.4131
18.8690
27.7924
43.7325
22.5163
30.1881
15.4895
16.3256
287.7319
271.5660
297.6460
330.3126
314.8977
322.9921
315.7220
305.6847
301.7281
297.7480
15.6994
5.9903
3.0116
40.6057
18.5159
13.3292
3.0228
17.7814
8.9397
2.8610
18.0467
18.5385
10.5559
10.0674
27.7009
22.5799
21.3741
9.7868
19.6366
10.3526
-0.8954
-4.5342
-16.7571
13.1702
-7.2610
-3.7825
22.8551
0.9779
0.0781
2.8760
8.3528
0.1110
-16.6713
-25.7165
10.5807
7.2457
-7.3753
0.5647
-4.0438
8.6102
-280.4055
-288.3546
-293.5921
-309.3559
-332.5488
-308.7483
-308.2119
-295.2747
-303.8722
-308.9758
12.8859
9.8417
13.1638
9.4503
14.5561
18.8967
9.4005
11.1011
20.8356
19.5646
7.7963
26.9443
23.9612
4.2864
23.7808
20.1136
11.3228
6.2651
22.8202
13.3217
3.8773
21.9452
26.2492
20.4205
14.1558
-0.4703
16.7717
19.2283
13.0379
13.2061
19.1686
27.2291
28.5537
30.0295
17.8610
13.1568
30.9690
22.9576
12.4943
24.1752
3.2937
25.3435
22.2220
18.5442
10.7378
31.7221
28.1907
29.8562
39.0993
53.5048
1.9153
18.9265
11.2830
27.3367
18.9986
26.7509
12.8562
18.6123
21.1506
7.4191
18.6018
21.7920
6.8307
21.4497
12.0651
11.8143
13.4814
16.8377
19.5415
15.2596
53.8891
53.3910
22.3144
58.0638
29.0874
20.3551
26.1636
12.9700
54.0958
44.9837
295.2285
290.6489
269.0973
305.2119
304.9686
327.6322
296.9310
335.6633
297.7210
291.5779
12.3274
19.7103
8.1668
12.0643
0.2744
14.3653
16.3655
10.1438
20.0708
20.2254
9.6565
23.0055
15.0973
17.5015
9.1366
6.0463
21.1266
4.2034
14.5346
3.1256
