9.9449
2.8558
34.5361
17.1405
3.7838
3.0105
9.8981
2.5715
3.3288
3.6860
30.1604
19.2371
12.1890
20.9330
31.7766
29.7070
27.8574
21.6627
11.1596
8.9140
23.2853
5.6084
33.8549
8.3480
14.3936
24.7605
6.8404
19.2405
25.6958
8.0855
1.9918
9.0792
9.2768
5.7781
8.9725
8.7697
19.5521
7.6354
30.5422
21.2500
34.5652
6.1720
10.3032
11.9373
14.4231
7.1554
10.9331
12.3789
17.5142
36.0288
3.2168
10.4155
11.9573
13.1368
81.4362
13.7486
14.9193
5.7593
33.7679
14.2946
21.9254
2.6887
14.5387
14.3984
21.0056
30.4571
16.5863
26.7978
0.5599
11.2901
19.5981
9.1152
54.9536
23.4736
12.0379
18.9012
28.3691
20.8612
20.0660
10.1362
60.2813
24.7238
34.0637
27.1314
32.2344
47.1235
57.8538
58.1152
35.6330
15.7061
20.5407
2.4673
22.6270
21.5528
26.0965
22.1091
11.8877
10.7664
15.3359
16.8216
10.8438
18.7357
15.1045
4.6032
9.5823
14.4305
4.5872
14.2424
1.3511
4.3609
2.9208
1.7472
10.3080
14.9031
14.8768
2.5094
5.3751
9.7647
3.7298
6.0541
22.7182
7.3354
16.2979
74.7267
37.1973
17.4382
5.1194
24.0180
12.3709
33.8378
34.5326
35.0420
23.2231
20.9005
47.4834
40.9950
39.8918
20.5809
38.2610
21.1919
6.0947
1.3639
12.7680
38.5562
10.1971
49.1728
92.3359
43.2005
34.2136
41.8657
23.3398
11.1651
25.5731
7.6273
31.3349
30.3814
23.9243
15.3594
10.8310
12.3630
21.5329
36.3229
35.8848
80.2432
50.7935
27.5601
47.0776
30.9972
58.6894
59.3788
18.8056
15.1694
16.9699
13.5110
19.9256
29.8947
11.9935
15.5114
32.9811
29.4270
16.8064
47.1908
43.2109
11.2071
43.1436
37.6060
23.5083
14.5927
40.1436
27.1357
17.9809
40.0765
37.3874
33.8266
27.7791
11.1831
33.0778
27.7443
25.5107
17.9017
21.9759
20.1162
26.7437
25.4308
16.0928
9.8171
21.3209
16.7862
6.8329
14.0417
5.4627
24.4197
5.5965
10.4095
17.1300
17.7410
13.4300
6.9422
6.1632
15.4405
9.0759
31.5055
24.4853
38.7028
35.5559
20.4776
5.3889
13.0877
13.5617
15.5061
9.6588
28.7296
3.0083
14.9371
10.7532
1.6594
7.5899
9.2686
11.4299
19.8017
18.1105
5.0814
6.6910
19.3352
21.7693
27.6147
17.4130
36.4278
10.8736
2.9225
10.6642
4.9676
3.5212
7.5370
7.0679
16.1450
5.8463
21.3854
7.0628
3.3319
14.0363
26.0859
15.0767
23.3678
8.5103
20.1763
25.4600
18.7605
41.0858
41.2629
16.6548
38.5558
24.6036
31.7696
15.3067
11.0389
29.3978
7.2495
17.8089
7.8098
