-1.3108
-0.4572
-1.5934
-0.8110
-0.4242
-0.4488
-1.0483
-0.3602
-0.8663
-1.0559
-5.7763
-6.1764
-5.6135
-5.5820
-7.4573
-8.5158
-7.1249
-7.3717
-5.0109
-5.6955
-1.7009
-1.0351
-2.1840
-1.2233
-1.7083
-1.4445
-1.0156
-1.7898
-3.5316
-1.0390
-3.2374
-6.3914
-6.6959
-5.8534
-7.6302
-8.0127
-10.4742
-7.6986
-16.5270
-11.6058
-3.4344
-1.4329
-1.8881
-2.2578
-1.9311
-1.2083
-1.0262
-1.9846
-2.4337
-3.8223
-0.3529
-0.6107
-0.9030
-0.8271
-3.3943
-0.8260
-0.9124
-0.5676
-1.4591
-0.9774
-1.0234
-0.2121
-0.8380
-0.8172
-1.1259
-1.7345
-1.1130
-1.5321
-0.0900
-0.6007
-2.1863
-1.4284
-5.3297
-2.5064
-1.6695
-2.2649
-3.2419
-2.1428
-2.3191
-1.3467
-13.4160
-5.3782
-4.8516
-5.6321
-5.9417
-5.3377
-8.2429
-10.3916
-5.8084
-3.6193
-3.5192
-1.7662
-4.3723
-3.5608
-4.2617
-4.4932
-3.7462
-2.3733
-3.8303
-3.4359
-3.2474
-6.3694
-3.6752
-1.5582
-2.3684
-9.4084
-2.0800
-3.9307
-1.3700
-1.5963
-3.8869
-2.5810
-5.7195
-6.9570
-6.1737
-4.5777
-4.2420
-5.0965
-4.3326
-4.6278
-1.6935
-0.4948
-1.9074
-8.4805
-4.7995
-1.9119
-0.8112
-2.4021
-1.3179
-5.1513
-1.7308
-1.7771
-1.3526
-1.2434
-2.2166
-2.1125
-1.8774
-1.2581
-1.8746
-1.1064
-0.8167
-0.4378
-2.8287
-4.9341
-2.1147
-7.1075
-12.2833
-5.8745
-4.2494
-5.4590
-3.8043
-3.0752
-5.8783
-3.2018
-5.5512
-5.2697
-5.9185
-3.7838
-3.5085
-4.4749
-9.8908
-14.1438
-12.6537
-23.2208
-17.1261
-12.3546
-17.6452
-13.1070
-21.7617
-18.8029
-1.0651
-0.8768
-1.1728
-1.0660
-1.1580
-1.5729
-1.0745
-0.8998
-1.6664
-1.5283
-1.0856
-2.2155
-2.0315
-0.8415
-2.4087
-2.2755
-1.4330
-1.0589
-1.9960
-1.5273
-5.6309
-6.5410
-6.8973
-6.7504
-4.6538
-3.4378
-4.4860
-5.2105
-4.7167
-4.5308
-3.5031
-3.1146
-3.1973
-2.4751
-2.4742
-2.2843
-2.5258
-2.1080
-2.5308
-2.3137
-3.0132
-5.4808
-3.0778
-3.0135
-5.6876
-5.7360
-5.3545
-3.3610
-3.8574
-6.3017
-0.9289
-2.1743
-2.5124
-2.7899
-3.4685
-2.2341
-0.8873
-1.6348
-1.5671
-2.4944
-5.5132
-7.9338
-2.0367
-4.9245
-3.8985
-2.5643
-4.8480
-4.7486
-6.1393
-6.0764
-4.8431
-3.2127
-3.1253
-5.0038
-5.6645
-5.4148
-5.1063
-6.4381
-4.4896
-2.7132
-4.8499
-5.4374
-3.2285
-7.0638
-4.8481
-6.3132
-4.1507
-6.5479
-3.6282
-3.3704
-1.6293
-1.0195
-0.8417
-1.7826
-1.2877
-1.1631
-1.4609
-1.1110
-1.8564
-2.2345
-1.4863
-2.3459
-1.8506
-2.0268
-0.9420
-0.8126
-1.6763
-0.6670
-1.1511
-0.9337
