-6.3982
-8.1512
2.4456
-6.4694
-5.4707
-7.9705
-7.6885
-7.5093
-3.4216
-1.2414
-3.0850
6.8648
11.5564
0.2521
20.9242
30.3885
7.8359
28.0576
8.8310
20.2457
-11.5305
-9.2730
-10.6706
-11.5154
-11.1731
-6.0588
-5.5331
-7.2728
-12.2691
-11.3479
-107.3021
-127.4930
-132.8409
-132.0386
-146.5185
-150.1001
-146.9957
-159.3290
-189.7001
-158.4300
-1.4621
1.8811
1.5065
1.4247
-0.5436
-1.7707
-1.3688
0.4676
0.4556
12.4030
-10.1383
-14.3461
-16.1784
-15.0550
-3.3997
-13.4946
-14.7545
-15.0698
-12.5639
-16.2609
-15.4160
-9.2810
-16.7926
-15.3889
-17.2153
-15.5524
-13.3820
-16.3264
-6.7689
-14.4096
-9.1599
-3.0110
-1.0175
-3.0621
-8.9142
-5.5088
9.0105
-3.0467
-4.3904
-7.9190
-27.3683
-22.8685
-24.4838
-25.6363
-26.4704
-24.7241
-21.9142
-25.0229
-24.5012
-22.6386
-15.7097
-13.9026
-26.0622
-21.4964
-25.6307
-32.5397
-23.0009
-18.6228
-39.0996
-25.0056
-5.0709
-1.8080
-3.0229
-3.3944
-2.2155
4.5218
-2.8445
-2.9927
-1.7442
-1.6766
136.3052
128.0933
139.1116
153.3331
145.9550
152.2241
147.7432
142.0531
142.0456
139.2129
-5.5802
-4.5591
-12.0831
-3.2385
-8.5659
-7.5035
-7.9497
-8.3520
-8.2754
-20.5525
-17.4617
-16.1903
-16.8707
-17.3735
-11.6643
-14.5570
-12.0898
-18.0260
-16.2874
-16.3986
-7.4873
-7.5237
-24.7229
-15.6746
-17.1946
-32.2159
-23.8003
-23.6941
-20.1210
-22.3262
-15.9152
-17.3264
-34.6981
-28.5866
-22.4679
-21.0053
-29.3761
-20.6124
-19.6198
-11.7616
-167.9518
-179.3988
-179.1401
-212.4071
-210.5644
-189.1293
-201.0591
-186.0764
-208.0880
-204.2956
-10.3834
-11.2166
-9.5223
-13.6074
-10.4350
-10.6065
-12.9932
-9.2738
-9.5757
-8.9058
-16.9383
-13.7848
-15.1007
-16.8637
-18.7124
-19.0824
-16.3920
-15.3934
-16.2270
-18.9038
-23.2646
-18.3763
-9.2035
-15.5941
-23.4189
-22.9817
-19.9145
-13.9493
-20.9814
-17.9891
-11.5958
-4.4187
-3.4748
-2.0930
-8.0792
-8.5993
-0.4911
-3.9237
-8.2053
-2.7784
-10.4108
-3.0982
-0.1903
-4.7805
-12.1857
-0.3096
2.7623
3.3915
11.3148
16.3340
-14.4332
-6.0876
-14.7974
-9.0714
-16.4292
-2.6486
-1.8392
-3.3727
-0.5994
-12.1423
-6.9260
-9.9422
-6.5609
-4.4400
-8.1201
-2.7967
-7.4387
-6.8640
-5.8762
-10.7614
15.5150
20.6416
0.9837
18.4412
1.1006
-7.2778
-0.3021
-16.4188
20.0612
17.3004
137.0698
139.5919
127.2425
147.0902
142.7810
154.5216
138.8025
155.6156
138.4385
138.0971
-8.1326
-4.6067
-10.0262
-11.1076
-12.6813
-10.3687
-11.3266
-12.6369
-8.9185
-12.3446
-15.5803
-13.6735
-15.0629
-16.0986
-10.8581
-12.7559
-8.3545
-13.2583
-10.4738
-14.7023
