-0.6055
-0.6983
-0.5206
-0.6434
-0.6967
-1.1634
-0.7990
-0.9746
-0.4840
-0.4423
-0.2311
-0.2616
-0.2287
-0.3559
-0.2626
-0.2739
-0.2878
-0.2252
-0.1977
-0.1977
-0.5171
-0.4427
-0.4951
-0.3101
-0.3941
-0.6913
-0.9298
-0.4231
-0.5877
-0.4672
-1.0847
-0.6996
-0.9559
-1.0704
-1.0221
-0.6015
-0.7679
-1.7614
-0.8377
-0.9398
-2.4119
-0.8296
-3.4236
-2.5471
-0.9631
-3.2912
-1.3430
-0.9415
-1.9780
-1.4626
-1.1007
-2.8250
-3.7182
-1.6846
-1.7830
-2.5868
-2.2196
-3.6564
-1.8789
-2.1407
-4.0842
-1.5691
-3.6462
-1.3568
-3.1287
-6.4341
-2.2241
-2.2165
-2.9341
-1.0588
-1.6271
-1.0934
-1.6683
-1.4907
-1.6988
-1.8511
-1.5775
-1.9676
-1.1059
-1.5361
