-6.6665
-8.5609
-5.5038
-6.9480
-6.9308
-9.5721
-8.5699
-9.2354
-5.3056
-4.9248
-1.8077
-2.1253
-2.0444
-3.5283
-2.3952
-2.4391
-2.3019
-2.1492
-1.8837
-2.1647
-5.4416
-4.7037
-5.2229
-3.0658
-3.9739
-5.7877
-7.4479
-4.6342
-6.2771
-4.9803
-11.3120
-10.4350
-13.5101
-13.2058
-13.1868
-8.5289
-11.4364
-22.1908
-11.6277
-13.1570
-14.6739
-8.4051
-18.2586
-18.3533
-11.3344
-18.0895
-13.8636
-10.2743
-14.7490
-14.6199
-10.1015
-15.9037
-18.1569
-11.6272
-11.8682
-16.8749
-19.3346
-23.4102
-13.6842
-13.8922
-23.1194
-16.2593
-17.6744
-13.5717
-19.5014
-23.5153
-16.1099
-16.1719
-17.3532
-11.3743
-16.7847
-12.3728
-17.7320
-12.4193
-17.2209
-11.5176
-13.2668
-15.0705
-7.0673
-12.8694
