0.1828
-2.7369
-2.0893
-1.4979
-2.6073
-3.1207
-2.9954
-2.5002
-1.8985
-2.3902
-2.0780
-3.3510
-4.4591
-2.7755
-2.2361
-2.7022
-3.4405
-2.5256
-3.0794
-4.4088
1.8191
0.9290
1.8740
0.1607
1.5944
-0.0001
-1.8650
0.0723
-2.5152
-1.6662
-8.6475
-0.9908
-1.0355
-6.8057
-3.3000
-2.9963
-1.5290
-8.6932
-1.3918
-2.7561
-5.2094
-4.3663
-6.5898
-7.5355
-4.6921
-7.5875
-5.0802
-3.4169
-4.6513
-6.7705
-3.5679
-8.2217
-9.0021
-6.2406
-5.8831
-8.3079
-7.4220
-13.3274
-7.9268
-6.2440
-17.7067
-7.4337
-18.4404
-4.9599
-15.1073
-28.1651
-8.4825
-11.4168
-16.4585
-6.9476
-7.7523
-4.8847
-8.4390
-8.4545
-8.7875
-5.3223
-6.3831
-4.6754
-2.3216
-6.2657
