2.3756
-0.3602
-1.0408
0.6164
0.2612
3.2698
0.1287
2.5621
-0.9805
-1.6242
-2.0471
-3.2938
-4.4028
-2.5424
-2.1581
-2.5563
-3.3610
-2.4493
-3.0270
-4.2893
3.2187
2.0649
3.5588
0.5727
2.7004
3.2247
3.5953
1.3468
-0.0180
-0.5970
1.2702
3.2514
8.6555
-0.4337
5.7864
-0.8187
2.8163
5.9265
2.3126
2.4532
8.3983
-1.2957
14.4961
10.1412
-0.0682
13.9710
2.8121
0.9448
7.0889
1.7539
2.1340
7.6574
12.7941
1.8789
2.9357
6.6753
11.0807
11.6972
2.4127
5.3584
18.6673
4.5464
8.7522
6.1113
7.8129
29.8481
9.1094
4.7550
4.7688
-0.4947
4.6476
0.5975
3.7734
-0.5007
2.8555
4.1725
2.2804
7.5189
2.5596
3.3518
