2.1928
2.3767
1.0485
2.1144
2.8686
6.3905
3.1241
5.0623
0.9180
0.7660
0.0308
0.0572
0.0564
0.2331
0.0780
0.1459
0.0794
0.0763
0.0524
0.1194
1.3996
1.1359
1.6848
0.4121
1.1060
3.2247
5.4603
1.2744
2.4972
1.0691
9.9177
4.2422
9.6910
6.3719
9.0865
2.1776
4.3453
14.6197
3.7044
5.2092
13.6077
3.0706
21.0859
17.6766
4.6239
21.5585
7.8923
4.3617
11.7402
8.5244
5.7019
15.8790
21.7962
8.1194
8.8189
14.9832
18.5027
25.0246
10.3395
11.6024
36.3740
11.9802
27.1926
11.0713
22.9202
58.0131
17.5919
16.1718
21.2273
6.4529
12.3998
5.4822
12.2124
7.9538
11.6430
9.4948
8.6635
12.1943
4.8812
9.6174
