-5.8528
-10.6049
-7.7113
-7.9450
-8.1233
-8.9116
-10.5468
-8.7058
-7.5285
-7.6881
-4.2327
-5.9606
-6.9456
-6.8172
-5.0441
-5.4974
-6.2058
-5.1508
-5.3104
-7.0569
-3.6239
-3.7241
-3.0009
-3.3003
-2.3784
-4.0297
-5.6330
-4.4910
-7.4273
-6.7262
-14.1125
-9.5045
-8.0490
-17.0045
-10.8014
-11.1256
-10.8455
-20.7892
-11.4867
-13.3598
-10.7359
-11.5877
-9.5901
-12.8229
-13.7156
-9.6754
-13.9324
-11.4221
-11.3276
-15.9212
-10.3446
-12.9844
-11.5677
-13.0888
-12.3841
-15.5391
-12.2610
-18.7637
-14.9592
-12.3805
-13.5177
-15.7215
-16.8191
-11.4838
-18.8878
-6.2404
-11.9566
-17.0531
-20.0364
-14.9707
-15.6787
-14.5382
-17.5449
-15.9418
-18.1557
-10.7443
-14.3130
-11.1340
-6.4749
-12.6235
