-11.8129
-8.7198
-13.5930
-10.3212
-8.5097
-1.5004
-0.8659
-0.7907
-7.6737
-6.9608
-13.6076
-4.4958
-22.0280
-16.8066
-14.4686
-17.7524
-11.2237
-17.8504
-11.7260
-27.1899
-1.9350
-2.4377
-1.6718
-1.3570
-2.0493
-1.5627
-1.8664
-2.2070
-1.2235
-2.1869
-2.1359
-2.4137
-1.5534
-1.7538
-2.6857
-4.1078
-1.9464
-1.9974
-1.4243
-2.8626
-2.5592
-1.5621
-1.1580
-1.1190
-1.7048
-1.5986
-1.0780
-0.6804
-1.1245
-1.7954
-0.2332
-0.9620
-7.5811
-4.5704
-7.4967
-8.5893
-2.7344
-4.1287
-0.5754
-5.3182
-2.4622
-1.5365
-2.1115
-2.2805
-1.5506
-2.7758
-3.9745
-3.4438
-2.4472
-1.0196
