-19.6109
-16.0119
-19.7387
-23.0165
-20.9890
-12.0235
-9.9490
-9.6112
-18.5345
-13.2532
-27.3893
-25.5942
-39.1060
-34.1490
-31.9961
-30.9602
-25.9405
-29.5373
-33.8729
-30.6096
-11.5682
-13.7097
-12.8855
-9.4049
-9.4992
-12.1908
-14.3977
-12.8789
-10.9799
-11.4790
-14.5292
-18.3270
-17.9082
-16.7987
-18.2283
-27.5424
-18.3468
-18.9272
-15.4278
-23.8559
-17.0299
-17.8623
-16.9481
-15.2654
-15.6837
-15.3017
-11.6626
-7.7830
-13.1800
-15.2355
-3.6937
-7.1671
-16.5945
-14.6030
-18.7498
-17.2858
-12.5200
-16.8666
-7.4851
-14.8280
-25.2292
-16.6480
-16.1417
-14.7548
-14.5125
-21.3135
-30.7660
-25.6785
-23.7753
-10.6937
