-87.6263
-78.6087
-94.3234
-79.3188
-75.9728
-35.7418
-8.0469
-22.1277
-74.6770
-70.0125
-72.5201
-41.3820
-114.8538
-91.8792
-66.1529
-79.3050
-73.7654
-97.1124
-63.4322
-104.8339
6.5714
-17.4608
9.4658
0.6796
-1.0018
-9.1207
-3.9327
6.1296
4.6401
-17.5231
-1.2669
-2.3792
0.3615
-0.4309
-4.1639
-11.5672
-1.0737
-2.1259
-0.8350
-6.7629
6.0171
7.8056
14.6679
19.3845
15.8080
8.3550
8.9236
14.3905
14.7696
11.0760
34.2195
7.0514
-57.7811
-30.8636
-39.9908
-53.2905
-42.9742
-39.1125
21.7814
-51.1324
-14.9964
-5.5987
-11.7114
-12.3031
-9.1859
-13.9627
-15.5607
-14.8084
-12.3590
-7.9168
