-26.9834
-38.5385
-25.2629
-15.7666
-18.5013
-26.8406
-3.2246
-17.9144
-31.3520
-31.7146
-7.4422
-9.0425
33.1555
-1.0226
9.0138
1.0893
-17.1850
-13.4054
8.6176
15.2058
18.0613
-2.4595
19.8922
7.3218
9.3227
-0.0718
8.9488
19.2577
11.6609
-4.5712
13.5600
19.5858
15.6808
13.8782
15.3421
35.1770
15.7740
18.9906
11.2829
25.6919
26.0434
21.2313
21.9265
29.3079
30.7599
24.2128
19.6031
19.4978
25.3937
28.7026
35.3825
13.5899
-8.4767
-6.8803
10.9284
-0.6005
-19.2215
-9.9047
24.8018
-17.1782
-0.9247
-0.4683
-3.0274
-3.4343
-2.8869
1.2420
18.9982
4.1099
3.1361
-5.1029
