60.6430
40.0702
69.0605
63.5522
57.4715
8.9012
4.8223
4.2133
43.3250
38.2979
65.0780
32.3395
148.0093
90.8566
75.1667
80.3942
56.5803
83.7070
72.0498
120.0397
11.4899
15.0013
10.4263
6.6422
10.3246
9.0489
12.8814
13.1280
7.0208
12.9518
14.8268
21.9650
15.3193
14.3091
19.5060
46.7442
16.8478
21.1165
12.1179
32.4547
20.0263
13.4257
7.2586
9.9234
14.9518
15.8578
10.6796
5.1072
10.6241
17.6267
1.1630
6.5385
49.3044
23.9834
50.9192
52.6900
23.7527
29.2078
3.0203
33.9542
14.0717
5.1304
8.6839
8.8688
6.2990
15.2047
34.5589
18.9183
15.4951
2.8139
