-25.0558
-21.1898
-25.3467
-22.1902
-20.8017
-9.9318
-7.1445
-7.8682
-20.5316
-19.2157
-26.9548
-13.0414
-35.8138
-29.8626
-27.9615
-27.8080
-24.9908
-32.8539
-20.3428
-39.1315
-5.3350
-6.6109
-5.8613
-6.9377
-4.6914
-6.6918
-6.2236
-5.2867
-5.0166
-5.5122
-1.5668
-1.3408
-1.4985
-1.3222
-1.6085
-2.3367
-1.5689
-1.5801
-1.5328
-1.7487
-11.3949
-11.9987
-11.9071
-10.3819
-8.9230
-7.3156
-5.6344
-5.5902
-8.7205
-8.2037
-4.3234
-4.0722
-19.3443
-12.7986
-19.5378
-19.1168
-11.9294
-13.7982
-7.0348
-14.7911
-12.1015
-8.0128
-7.9610
-8.3635
-7.7030
-11.1435
-15.1010
-11.1993
-11.0897
-6.1598
