-83.4631
-84.4599
-83.9413
-71.2945
-68.8017
-50.2962
-21.1840
-36.1844
-78.0917
-71.1443
-75.3939
-52.1739
-63.7924
-81.8408
-65.4124
-75.4313
-79.3400
-93.6470
-57.3241
-81.7252
-0.7769
-25.2178
-0.5265
-10.3777
-6.9172
-20.5171
-13.5390
-1.1149
-5.5590
-23.7494
-4.6720
-2.4957
-5.2792
-5.9965
-7.1803
1.1901
-6.0881
-3.5142
-7.1020
-2.7753
-4.9406
-10.1918
-8.0868
2.5416
4.4483
-0.0031
1.2281
5.4441
2.3687
3.4681
27.1323
1.3886
-51.9966
-38.8523
-34.8559
-45.5924
-46.4053
-44.6982
9.7064
-52.1155
-40.7176
-26.6656
-29.2416
-28.8331
-26.6530
-33.9908
-30.8434
-36.2117
-34.1762
-22.9760
