-1.1493
-0.6555
-2.8703
-1.7085
-0.6411
-0.6555
-1.2086
-0.6615
-0.5308
-0.4784
-4.2252
-2.5304
-1.2605
-2.2676
-2.9330
-2.2358
-2.8821
-1.6304
-1.4231
-1.0852
-2.6334
-1.0085
-2.9108
-1.2792
-1.8256
-2.6271
-0.8507
-2.0143
-3.3754
-1.3586
-3.5313
-0.6913
-1.1553
-1.1910
-1.5260
-0.9743
-1.1562
-1.2128
-1.8046
-2.3359
-0.8032
-1.3872
-1.7352
-1.6411
-7.2606
-1.6850
-1.9726
-1.1177
-3.4390
-1.7796
-2.5986
-0.7001
-1.6688
-1.8448
-2.2546
-3.0948
-1.5836
-2.8268
-0.4751
-1.4069
-1.6775
-0.8697
-6.6027
-2.6102
-1.4140
-1.6113
-1.6617
-1.7760
-1.7582
-1.0866
-3.0115
-0.8326
-2.5405
-2.3687
-3.3013
-2.0320
-1.6018
-1.7745
-2.1276
-2.3728
-1.6506
-2.2788
-1.7755
-0.8330
-1.2258
-1.6682
-0.8357
-1.8361
-0.5230
-0.7141
-0.5383
-0.4317
-1.1086
-1.8513
-1.6544
-0.5809
-0.9779
-1.0934
-0.5811
-0.7912
-2.6530
-0.7642
-2.2462
-13.7696
-5.6414
-2.0477
-1.1770
-3.2371
-1.4615
-7.0263
-4.0107
-3.6927
-3.1372
-2.7288
-5.2926
-4.7332
-4.8335
-2.5473
-4.5870
-2.5910
-0.7750
-0.5122
-2.7762
-6.7252
-1.8794
-7.6874
-13.2539
-7.8938
-4.3415
-6.5127
-2.3271
-2.0458
-3.0243
-1.1927
-3.6693
-2.8845
-3.3075
-2.0936
-1.7752
-2.2391
-2.1058
-1.8108
-1.9040
-1.7290
-2.2161
-2.9584
-1.6823
-1.6494
-3.2531
-3.0400
-2.4768
-5.1055
-5.0335
-1.8625
-5.2528
-4.6811
-3.2721
-2.2958
-4.6660
-3.3660
-2.6136
-4.4459
-3.8489
-3.6292
-3.2312
-1.8261
-3.4565
-3.0694
-3.4006
-2.1009
-2.4154
-2.4654
-3.1124
-2.5413
-1.7088
-1.2913
-2.2138
-1.9254
-1.0137
-1.8127
-1.0513
-2.8732
-0.9357
-1.6002
-2.2617
-2.1001
-1.0970
-0.9035
-0.7784
-1.2907
-1.4955
-3.1517
-2.5130
-4.1304
-3.5955
-2.1967
-1.0969
-2.0109
-1.9307
-2.4900
-1.4121
-3.6101
-0.6486
-1.9172
-1.7771
-0.4432
-1.1425
-1.2451
-1.4837
-3.1762
-1.8477
-0.6344
-0.9526
-1.8108
-1.8268
-2.8759
-1.6880
-5.1880
-1.1391
-0.5493
-1.3966
-0.7088
-0.6052
-0.8111
-1.0082
-2.0193
-0.9636
-2.5767
-1.1335
-0.6187
-1.5142
-2.4299
-1.4608
-3.1245
-1.5996
-1.9337
-2.3898
-1.8976
-4.2071
-4.4168
-2.8201
-4.8804
-3.5056
-4.0611
-2.4488
-1.9465
-4.4215
-1.4710
-2.3349
-1.4878
