-10.4856
-7.5076
-15.6732
-13.9195
-7.9387
-7.7208
-10.2813
-6.4130
-5.4070
-5.7620
-19.0943
-17.0497
-14.4086
-15.9812
-21.1425
-19.1724
-20.2759
-17.7056
-14.7290
-12.4402
-20.9992
-11.7626
-25.2542
-13.9821
-16.3475
-19.8452
-9.7653
-17.0489
-16.7407
-13.5287
-23.1974
-9.7469
-14.6033
-13.7654
-15.0927
-10.4595
-13.6804
-14.0766
-18.9814
-21.2147
-11.8708
-17.4627
-23.6713
-21.0266
-39.5168
-20.3312
-22.2375
-16.1055
-29.8025
-23.6459
-27.2609
-10.4235
-24.9414
-23.5940
-29.1985
-33.9525
-27.3415
-33.6471
-6.4419
-20.5444
-16.2128
-9.9236
-23.3364
-17.5648
-13.4269
-14.6097
-14.5125
-16.7396
-15.2421
-11.5362
-15.4011
-8.9955
-24.0152
-20.1428
-25.3323
-21.4108
-18.2009
-14.0646
-19.5316
-20.2829
-17.9557
-25.3588
-21.1490
-12.8030
-17.0825
-22.3579
-13.7674
-20.4227
-8.2897
-9.5629
-7.0774
-5.7323
-11.2393
-14.7981
-14.0238
-7.8282
-10.0554
-11.3051
-7.9416
-9.5041
-15.5939
-8.6699
-14.7600
-23.2739
-18.5188
-16.1853
-8.9690
-19.4455
-14.2579
-15.2942
-32.2702
-31.2178
-24.9020
-25.4637
-33.5352
-32.5698
-28.3320
-26.0990
-31.6502
-24.7932
-8.1831
-4.2657
-9.8817
-18.4870
-11.0517
-23.9567
-30.0952
-18.5397
-20.6631
-21.6288
-21.5850
-17.0472
-24.0182
-13.0018
-28.6109
-26.5756
-22.6671
-19.9576
-16.5771
-16.5582
-20.9007
-19.3042
-20.5791
-21.5221
-22.2845
-26.5656
-21.0105
-18.5164
-26.5537
-24.9914
-22.5016
-35.6362
-33.8150
-19.8063
-36.5486
-33.8498
-24.9178
-19.8853
-34.5639
-29.3792
-23.8803
-32.1787
-26.7420
-28.5314
-30.9892
-20.9122
-30.9343
-25.6815
-28.1241
-24.2069
-24.3737
-20.8061
-21.7953
-22.0235
-19.8388
-15.7275
-19.5856
-17.9997
-14.2005
-16.3376
-10.3046
-16.2826
-10.2536
-13.3472
-18.2524
-17.9590
-15.3671
-13.1089
-10.7239
-16.4070
-16.3215
-21.6127
-22.9018
-30.6845
-30.1845
-21.8564
-9.6465
-15.9163
-15.1343
-15.6179
-15.8130
-20.0840
-8.7249
-16.8373
-14.2471
-7.3464
-13.4192
-15.9101
-16.0993
-15.9408
-18.0884
-9.1863
-12.3554
-18.1642
-18.3412
-21.0013
-17.6486
-20.5839
-12.9119
-7.3048
-11.5311
-8.4343
-7.0223
-10.7388
-11.5351
-15.3407
-9.8172
-17.7601
-10.7523
-7.8677
-18.3005
-19.6382
-16.9616
-19.3201
-11.9526
-21.0331
-24.8371
-20.8899
-25.6535
-28.5082
-20.8569
-29.4951
-24.9807
-28.3768
-16.3919
-15.9803
-21.6387
-15.1891
-20.1709
-15.9720
