-5.1605
-3.7471
-13.0956
-8.4918
-1.0880
-3.5353
-6.6677
-4.0284
-0.7442
2.0520
-2.9111
16.6662
24.4984
3.5447
25.7556
36.9496
11.2903
41.6025
22.9446
38.2819
-11.9737
-2.7657
-17.3231
-6.0434
-8.9338
-8.3602
-2.4437
-8.5330
-16.3643
-6.0220
-5.0247
8.8695
10.4526
6.5392
4.3876
3.6413
5.3834
6.4702
7.5026
5.7051
-0.4517
-6.6135
-2.8144
-5.9790
-36.2162
-5.7964
-5.0362
-4.5285
-12.6105
-5.7400
-7.1577
-0.7636
-5.0319
-4.5405
-6.8645
-8.5100
-1.3928
-6.4409
-0.4151
-3.6580
-11.5790
-2.4551
-23.9610
-5.9890
-6.6236
-8.7805
-2.7316
-5.5255
-8.1042
-6.6791
-19.9469
-8.2346
-25.6710
-25.9740
-26.9898
-37.8322
-17.8750
-17.1260
-42.6249
-23.1629
12.8087
17.3385
13.6211
13.3853
16.5551
25.7957
16.3452
14.0515
13.1612
10.9585
280.5352
266.3715
283.0226
308.7328
295.0088
312.9546
304.2409
290.7412
292.6429
287.1293
-8.4309
-1.8939
-12.5032
-34.8357
-18.4704
-4.2260
-2.0859
-6.6351
-3.5650
-28.0731
-15.5756
-15.7222
-11.8922
-10.1308
-19.0352
-17.4921
-17.7909
-9.9994
-17.6733
-10.2837
-5.6428
-5.4018
-26.2369
-24.3928
-15.9200
-48.0943
-64.7983
-38.6850
-30.2498
-35.0290
-14.1069
-9.9533
-38.0698
-29.4591
-19.4029
-21.3571
-28.2821
-13.6228
-13.3282
-3.3342
-5.8591
-5.2143
-3.9901
-4.0503
-5.4648
-10.7979
-2.7333
-4.2884
-11.9986
-9.6913
-8.3963
-19.4666
-18.5654
-6.5606
-18.6372
-16.6718
-11.4129
-7.7468
-16.5144
-13.2173
-13.4667
-17.7456
-11.3749
-13.2222
-13.3483
-11.0467
-15.8029
-8.7159
-12.2508
-5.0525
-1.5795
6.9791
2.1330
4.4317
2.5286
4.3324
8.9286
6.3819
6.4831
9.7873
-2.9595
-1.7703
13.3570
5.4465
-6.9563
10.7096
12.4402
19.6844
28.7446
32.2320
-6.5397
-12.4362
-12.7726
-12.0002
-16.5650
4.4800
6.1794
4.2692
6.0200
-8.0796
7.4811
-7.8524
3.1616
4.8769
0.5940
8.9900
4.9631
6.2488
6.5486
-5.3403
31.1437
43.2042
13.1596
33.6349
5.6354
-7.9805
6.7568
-23.9536
38.1926
37.3703
282.4370
283.5600
264.8630
295.5495
295.4263
308.2981
288.9549
310.5534
288.3367
285.7027
-2.0088
-6.7003
-6.3889
-10.6523
-7.2795
-5.8564
-8.8432
-8.0678
-20.0505
-20.0829
-7.1111
-15.4979
-9.6521
-14.1215
-6.3875
-5.1482
-8.9809
-3.3128
-4.0489
-4.6174
