4.5938
-0.8856
21.6585
8.7078
2.6703
-0.5450
3.0570
-1.4958
2.5129
5.6643
27.8749
36.1703
36.8538
24.8863
57.6734
66.4934
39.4207
63.1985
34.2372
47.1981
11.4804
2.8896
16.6999
2.4044
5.6885
16.5301
4.4981
10.9941
9.2370
2.1325
29.5923
14.9010
20.5490
18.2012
18.6251
10.6931
16.3651
18.6049
24.7527
41.2033
2.7650
3.7936
9.0751
7.0916
45.0928
7.8552
9.8359
1.2038
20.9398
8.4555
14.6302
1.9083
9.4086
9.7727
13.9957
21.7657
15.0330
20.1990
0.1414
7.6003
7.6353
6.3668
30.8138
17.2710
5.2075
9.6376
24.7005
14.9364
11.4892
3.1857
0.5285
-5.7616
-3.1222
-4.7942
-1.1170
-16.2668
-6.1730
-6.3697
-27.5397
-6.3992
23.9209
36.5146
29.1348
18.1665
26.4314
40.3737
21.1321
28.7240
14.6057
15.4347
283.6058
268.1849
293.6371
324.1655
310.3924
315.5734
309.8036
300.7981
296.5088
293.4120
14.5801
5.5425
3.9559
40.8450
19.1710
12.9717
3.0328
17.1222
8.6247
5.7290
18.7379
19.1376
11.2534
10.6383
28.2195
23.2246
21.9532
10.4304
20.3707
10.8574
0.3433
-4.0736
-13.6912
13.8462
-5.9468
0.3488
26.0958
4.1679
3.4565
6.3103
9.0994
1.1841
-12.8498
-22.0352
11.7377
8.7573
-4.5705
1.6556
-2.5703
9.1398
12.7793
9.8499
12.8083
9.3586
14.2671
18.8549
9.1693
11.1119
20.7452
19.4843
8.3298
27.4734
24.5314
4.6417
24.3625
20.8210
11.9671
6.7774
23.3852
13.8335
4.4630
22.1214
26.1098
20.5442
14.2640
0.0497
17.0349
19.0119
13.0993
12.8250
21.1514
27.8224
29.7002
30.8658
19.2762
14.5988
31.1496
23.9022
13.6867
24.3733
2.6007
22.8543
19.0799
16.0198
10.4654
28.7141
25.9964
26.7744
35.0214
47.7572
2.5472
19.2382
11.8317
26.9444
19.2809
24.8485
11.6061
17.3865
19.5851
7.5564
17.3502
21.2458
6.2784
20.1030
11.5703
10.7468
12.6870
15.7058
18.1897
14.7852
49.2605
48.2957
20.0284
53.0298
27.6227
20.0618
24.3474
12.8864
49.1721
40.3456
293.6950
288.8330
268.6086
303.5458
302.8528
325.0540
295.0569
332.7370
295.7314
289.2130
11.8056
19.3436
8.6797
12.7789
1.1821
14.3443
16.3807
10.6961
20.7836
20.9070
9.5848
23.0401
14.8552
17.5734
8.9170
5.8694
20.4097
3.9215
13.8466
3.2205
