9.7544
2.8615
34.7542
17.1996
3.7583
2.9904
9.7247
2.5325
3.2571
3.6123
30.7860
19.5041
12.3554
21.3416
31.9178
29.5438
28.1304
21.5960
11.2927
8.9161
23.4541
5.6552
34.0230
8.4478
14.6222
24.8903
6.9418
19.5271
25.6013
8.1545
34.6171
6.0314
10.0964
11.6620
14.2375
7.0518
10.9818
12.1347
17.2501
35.4983
3.2167
10.4072
11.8894
13.0707
81.3090
13.6516
14.8721
5.7323
33.5503
14.1955
21.7879
2.6719
14.4405
14.3133
20.8602
30.2757
16.4259
26.6398
0.5565
11.2583
19.2142
8.8219
54.7748
23.2600
11.8311
18.4182
27.4321
20.4620
19.5933
9.8648
20.4755
2.4730
22.5487
21.1798
25.8729
21.5653
11.7020
10.7563
15.0852
16.7637
11.1122
19.1762
15.5137
4.7812
9.8762
14.5780
4.7870
14.6725
1.4445
4.4762
3.0706
1.8133
10.6145
15.4326
15.3836
2.6188
5.5627
10.0569
3.8658
6.2827
23.0111
7.4364
16.4591
75.6807
37.6414
17.1977
5.1187
23.7573
12.1897
33.8021
34.3134
34.8598
23.1455
20.7691
47.2547
40.7166
39.7442
20.4298
38.0441
21.1410
5.9861
1.3282
12.5456
38.2391
9.9732
48.4430
90.8940
42.8529
33.7063
41.3393
23.2063
11.1374
25.2200
7.4239
31.1406
30.1145
23.7116
15.2784
10.7579
12.4740
18.6384
15.0643
16.7984
13.4089
19.7319
29.6528
11.9026
15.4002
32.7438
29.1756
16.7261
46.9400
43.0968
11.2023
42.9998
37.4928
23.3800
14.5242
39.8996
27.0509
17.9297
39.8670
37.4847
33.7664
27.6123
11.0965
32.8379
27.7278
25.3500
17.8775
22.7310
20.8433
27.5672
26.4341
16.7476
10.2664
22.2210
17.5203
7.2036
14.5860
5.5602
24.6246
5.7229
10.5733
17.4217
18.0045
13.5562
7.0900
6.2767
15.5252
9.0870
31.6744
24.6043
38.9446
35.8458
20.3685
5.4268
13.1173
13.5650
15.6360
9.8690
29.0982
3.1168
15.2261
10.9764
1.7568
7.7239
9.4570
11.6411
20.1255
18.1167
5.0915
6.8688
19.3949
21.9873
28.0423
17.5905
36.8400
10.9795
2.9752
11.2580
5.2731
3.7456
7.9963
7.4265
16.7558
6.1020
22.1836
7.3947
3.5103
13.8143
26.0439
15.0686
23.4313
8.4615
20.2007
25.2239
18.7640
40.8341
40.9899
16.6959
38.5381
24.5073
31.6950
15.3045
11.0176
29.3906
7.2343
17.8955
7.8379
