-2.0606
-0.9050
-2.2438
-1.4018
-0.8230
-0.9805
-1.6716
-0.7673
-1.5256
-1.7255
-11.7392
-11.9236
-10.8440
-11.2245
-12.7707
-13.3579
-12.7838
-12.4079
-10.1878
-10.7048
-2.7160
-1.6831
-3.4076
-1.9396
-2.4239
-2.1210
-1.5801
-2.3807
-5.0229
-1.7577
-4.5046
-1.9460
-2.5061
-2.6558
-2.5100
-1.6460
-1.7846
-2.5487
-3.1785
-4.5740
-0.5065
-0.9208
-1.0841
-1.1082
-4.2050
-1.0889
-1.1300
-0.9560
-1.7446
-1.2744
-1.2764
-0.3886
-1.0712
-1.0519
-1.3074
-1.8665
-0.9248
-1.5597
-0.1868
-0.8813
-3.5358
-2.0247
-6.9808
-3.7583
-2.7696
-3.4083
-3.4357
-3.1915
-3.5447
-2.1198
-7.0774
-4.5102
-8.7050
-7.3491
-8.0733
-9.4081
-7.9376
-5.4663
-8.7178
-7.0814
-8.7528
-13.0441
-8.7559
-4.7890
-6.8033
-17.1634
-6.4154
-9.3122
-4.6979
-5.2213
-11.3846
-9.0594
-13.7666
-15.5168
-14.3005
-13.5808
-12.4113
-13.1814
-12.6057
-12.4383
-2.3341
-0.9669
-2.7259
-9.1806
-5.6156
-2.8120
-1.3929
-3.3624
-1.9964
-6.3891
-2.2855
-2.3154
-1.8739
-1.7372
-2.7198
-2.6604
-2.3796
-1.7260
-2.4579
-1.5245
-1.4454
-1.1197
-4.5018
-6.3910
-3.4763
-9.9035
-15.1546
-7.9884
-6.3954
-7.7207
-8.1741
-7.0705
-11.9995
-8.3205
-10.5199
-10.3734
-11.4689
-8.1651
-8.0996
-9.1146
-1.3736
-1.2120
-1.4800
-1.4659
-1.4767
-1.9626
-1.3426
-1.1939
-2.1534
-1.8601
-1.5279
-2.7950
-2.5686
-1.2013
-2.9644
-2.8450
-1.9382
-1.4846
-2.5334
-1.9964
-12.0431
-13.1577
-13.4360
-13.3451
-10.4718
-8.8613
-10.1092
-11.2465
-10.5666
-10.3146
-9.0841
-8.3252
-8.3357
-6.3293
-6.6681
-6.9827
-6.6740
-5.9571
-7.9156
-6.7958
-8.4158
-12.0784
-8.3591
-8.2244
-12.2421
-12.0726
-11.2570
-8.3875
-8.7422
-11.9736
-1.5870
-2.7553
-3.6369
-3.7125
-4.6721
-3.0635
-1.5394
-2.3638
-2.3253
-3.0738
-12.8933
-16.0106
-6.7938
-11.7615
-10.5399
-7.9733
-12.1014
-11.5807
-13.9051
-13.7110
-8.7335
-6.5909
-7.4276
-9.1112
-11.3022
-11.0041
-10.4052
-12.9730
-8.3345
-6.1719
-11.8937
-12.7014
-9.9218
-14.3999
-11.9394
-13.8028
-11.4556
-14.2815
-10.5831
-9.8269
-2.2113
-1.4216
-1.4206
-2.4248
-1.9019
-1.8145
-2.1714
-1.7180
-2.7383
-3.2259
-2.0944
-3.1117
-2.6822
-2.7158
-1.4121
-1.3458
-2.3033
-1.1757
-1.7368
-1.4878
