-9.1016
-9.9537
0.8712
-8.3220
-6.7325
-9.9018
-10.1046
-9.3376
-4.9505
-2.3016
-7.1837
4.6665
10.3408
-4.5870
20.8271
31.7273
3.4788
31.4546
7.8972
22.9678
-14.8683
-11.5646
-14.8727
-14.7965
-14.9085
-8.0632
-7.6980
-10.4498
-15.9019
-14.5125
-1.6410
2.5168
2.2844
0.5890
-0.5036
-2.3867
-0.2560
0.7668
0.7882
13.0788
-10.4155
-15.9771
-17.4155
-16.6843
-5.8895
-15.2499
-15.5042
-16.9754
-14.0462
-18.2444
-16.5057
-9.6039
-18.2727
-16.7179
-18.7648
-17.1480
-14.8168
-17.8347
-6.9624
-15.2322
-13.7909
-6.4511
-6.1061
-6.6622
-12.4031
-9.9917
5.0906
-6.7706
-9.0559
-11.5569
-24.9615
-20.0999
-38.3831
-34.6548
-37.8238
-49.1178
-33.9134
-27.6751
-57.9167
-36.1363
-4.4381
-4.1670
-2.5456
-0.2584
1.3197
-0.8158
0.1136
-2.8470
1.0951
-0.0636
264.6055
252.9615
267.5226
291.9994
280.4137
293.5836
286.3590
275.2182
275.3803
270.6784
-6.0009
-4.8585
-15.7761
-5.3791
-10.6048
-8.0733
-8.5061
-8.9228
-9.0911
-22.9806
-19.8286
-18.0883
-18.6597
-19.2915
-13.3281
-16.7387
-13.5919
-19.9420
-18.3243
-18.0513
-10.0603
-9.9712
-30.8511
-17.7569
-22.3542
-41.1988
-32.4080
-30.2540
-27.9435
-29.5519
-22.9868
-24.9794
-51.8919
-44.5503
-31.0624
-31.0762
-42.0140
-28.5606
-29.0222
-18.7721
-11.6008
-12.4770
-11.1548
-15.3584
-11.7103
-12.6317
-14.8660
-10.2479
-11.2149
-10.4072
-18.1766
-16.0634
-16.8857
-18.2285
-20.4033
-20.5549
-18.1610
-16.8884
-18.3780
-20.9080
-34.0739
-27.6610
-17.9170
-24.9616
-30.4282
-31.5499
-27.4651
-20.9854
-28.9920
-23.7973
-14.7217
-3.7743
-3.5431
-0.0283
-8.9394
-9.4027
2.6762
-1.9800
-9.4431
-0.5729
-17.1710
-8.3798
-0.4685
-7.1520
-22.2908
-3.4176
-1.7247
4.3745
14.7769
18.0859
-16.8567
-8.2816
-17.2200
-11.5830
-19.1713
-2.2682
-0.6767
-2.9045
0.1948
-13.6254
-12.7682
-18.4588
-9.8889
-10.4129
-14.9938
-5.0162
-13.9761
-13.0301
-13.2983
-18.0428
20.5908
31.8841
-0.7072
23.9436
-3.8476
-14.8194
-5.3944
-25.8586
26.7866
26.3196
268.8736
266.9886
251.0592
277.5960
278.3701
293.8911
272.8205
298.1188
273.2625
270.8996
-10.2205
-4.1461
-11.1634
-12.0905
-14.2721
-10.4371
-13.0177
-13.8094
-11.8153
-15.2438
-16.1865
-14.4471
-16.3134
-17.5803
-11.3359
-13.4032
-7.9537
-13.9143
-10.3960
-15.7271
