-1.7939
-2.0534
-2.0227
-2.1989
-1.8980
-2.6808
-0.8774
-2.9402
-0.3793
-1.7848
-0.9224
-1.1288
-0.9781
-0.9481
-2.4642
-1.0052
-0.8198
-1.2532
-1.2016
-0.6645
-1.7407
-1.3739
-2.8534
-1.3478
-1.3967
-2.6360
-1.2867
-0.7999
-1.0302
-0.8362
-1.5274
-1.9853
-2.5079
-1.2787
-2.9469
-2.8266
-1.5231
-0.5524
-1.1282
-0.5085
-0.8123
-1.4065
-1.3201
-3.6070
-0.9481
-2.6068
-1.7978
-2.0289
-0.7180
-0.9165
-1.0761
-1.2946
-0.9610
-0.8460
-1.1540
-1.3131
-0.7655
-1.2609
-1.1078
-1.4718
-0.8569
-0.5867
-0.4884
-0.7186
-1.3640
-0.5149
-0.3875
-0.9277
-0.7313
-0.6071
-1.5600
-1.9566
-2.2342
-1.2490
-1.4430
-0.9022
-1.0170
-3.1278
-1.7522
-1.2270
-1.3049
-1.4523
-2.4518
-2.1017
-3.0931
-3.0920
-1.8793
-3.4310
-3.5238
-1.6843
