-11.5765
-14.8333
-17.5763
-15.6018
-17.0392
-19.5000
-8.3957
-21.4827
-3.7442
-12.0701
-12.9621
-15.6427
-13.4674
-13.4589
-20.5983
-13.6132
-11.8769
-16.2500
-15.2284
-10.9141
-19.6806
-15.4834
-23.9740
-15.2458
-15.3505
-22.6840
-14.5943
-7.8142
-10.6029
-10.0502
-16.9424
-18.0116
-22.3786
-13.1073
-21.3860
-20.6065
-9.4979
-6.7813
-10.0738
-6.3923
-10.5316
-15.3845
-13.3933
-22.1120
-11.0747
-18.9666
-16.1938
-17.7679
-8.5387
-12.3536
-14.2702
-15.5827
-14.4539
-13.8883
-16.4893
-16.9645
-12.0308
-18.4198
-14.9039
-17.6339
-11.3342
-8.5414
-6.2119
-8.8018
-13.4713
-7.6380
-5.9633
-10.7674
-9.2881
-7.7475
-14.7433
-19.2109
-23.3927
-12.0924
-16.3934
-10.7201
-11.4982
-21.7085
-19.2614
-15.6821
-14.6880
-15.9245
-17.6119
-21.3399
-26.8397
-20.6418
-16.0248
-25.6917
-27.4855
-16.6517
