-6.4374
-2.8825
-12.9319
-9.5611
-9.5262
-7.0011
0.1444
-10.0492
-1.5084
-5.2778
36.6356
45.3452
57.3769
43.2897
38.4568
49.8737
53.9238
49.5662
54.9193
52.5372
-27.5365
-24.8806
-34.9089
-26.3941
-32.6607
-46.1926
-27.8936
-13.7467
-9.5761
-24.9130
-1.7273
-4.2594
-10.9072
-8.4050
-13.5282
-14.5874
-7.1610
2.0753
-4.9338
-3.3946
-0.8289
-2.2632
-3.5994
-9.2480
-1.0297
-5.1500
-6.7819
-6.1383
-1.9280
-0.4174
3.8985
0.3006
0.6042
2.2703
3.9875
0.6468
5.1749
2.1548
2.6256
2.2600
0.4563
-1.6837
-4.2011
3.6875
-8.4294
-2.7094
-0.9593
7.6097
4.7483
5.2918
-2.6071
-0.0563
-8.0997
-0.1480
-3.1588
-2.5540
-2.4026
-8.0956
-4.2445
-2.0943
-6.3811
-9.5315
-10.1331
-8.8232
-16.1346
-14.5182
-10.2942
-14.1130
-18.7664
-6.8694
