9.0880
11.8165
3.8085
8.1024
7.4482
18.8234
4.2000
17.0150
-0.7068
6.9339
44.2609
56.0962
68.2894
51.5721
62.8477
59.5544
63.2178
64.4006
67.5915
58.1565
-12.8330
-12.1507
-4.1097
-16.2424
-21.0624
-18.9351
-19.4362
-11.8507
-5.6430
-21.4292
10.2607
12.7515
13.1907
1.5754
13.3046
11.6535
4.9549
5.0281
3.1665
-1.0017
1.2978
4.8006
2.9914
16.1154
2.6938
12.2407
5.0030
6.8744
-0.1558
3.0339
12.1445
10.6214
6.6703
6.5099
13.7313
10.8704
8.6839
13.5283
9.7836
18.3874
6.1813
1.2989
-2.0552
8.1370
5.5091
1.1286
0.6962
16.8277
10.7716
9.4432
7.3388
14.4205
11.4398
6.6137
6.5910
1.8585
2.2579
14.1538
10.7836
5.4362
3.2620
1.8249
7.0759
8.6592
15.0428
10.8435
4.2837
15.6087
16.7791
6.1954
