15.5253
14.6990
16.7404
17.6635
16.9744
25.8245
4.0555
27.0643
0.8016
12.2117
7.6253
10.7510
10.9125
8.2824
24.3909
9.6808
9.2940
14.8345
12.6722
5.6193
14.7035
12.7299
30.7992
10.1517
11.5983
27.2575
8.4574
1.8960
3.9332
3.4838
11.9879
17.0109
24.0979
9.9805
26.8327
26.2409
12.1159
2.9528
8.1003
2.3929
2.1267
7.0638
6.5909
25.3634
3.7235
17.3907
11.7849
13.0128
1.7722
3.4513
8.2460
10.3209
6.0661
4.2396
9.7438
10.2236
3.5089
11.3735
7.1580
16.1274
5.7249
2.9827
2.1459
4.4495
13.9385
3.8381
1.6556
9.2180
6.0232
4.1514
9.9459
14.4767
19.5395
6.7616
9.7498
4.4125
4.6605
22.2494
15.0281
7.5305
9.6430
11.3564
17.2090
17.4824
31.1774
25.3617
14.5778
29.7217
35.5455
13.0648
