-0.8298
-1.5662
-2.3090
-1.8594
-1.9385
-2.7822
-0.6111
-2.4565
-0.3101
-1.2986
-5.6670
-6.1867
-7.7320
-6.2245
-6.8085
-6.0482
-6.1779
-7.4619
-6.5033
-6.0244
-4.6198
-3.1457
-6.0925
-3.6058
-4.0872
-5.8090
-3.3579
-2.2556
-2.4947
-2.6783
-1.1971
-1.7668
-2.3735
-1.6297
-2.1350
-3.3451
-1.3832
-0.6096
-0.8761
-0.4124
-0.4946
-0.8477
-0.6529
-1.6382
-0.4630
-1.2995
-0.9955
-0.9174
-0.3191
-0.5678
-1.9721
-1.8427
-1.3575
-0.9974
-2.3890
-1.7435
-1.2353
-2.0748
-1.3190
-2.6659
-5.8169
-4.2553
-3.0597
-4.5691
-7.4468
-3.9875
-3.0755
-6.2670
-5.1801
-4.3273
-1.5503
-2.0299
-2.1912
-0.7722
-1.1271
-0.5976
-0.9183
-1.9223
-1.6707
-1.4782
-0.5739
-0.9047
-1.0123
-0.9391
-1.6070
-1.5999
-0.8488
-1.7161
-1.6520
-0.7146
