-3.0712
-6.7851
-13.0783
-6.4964
-10.9529
-5.6760
-5.1053
-6.5915
-4.2109
-6.8180
18.0927
22.8720
35.2914
23.7573
24.1804
25.8393
30.3696
31.1440
31.6279
30.9752
-21.9537
-16.2717
-19.9122
-18.7522
-23.8555
-29.8576
-20.0218
-9.0561
-8.0388
-15.9026
-9.6882
-10.1157
-12.4765
-10.5038
-11.1906
-12.4082
-5.4447
-3.3815
-6.7839
-5.4385
-10.5399
-12.9942
-11.4742
-11.3562
-10.6162
-10.4160
-13.6186
-13.2435
-9.5766
-11.5966
-3.7173
-6.5154
-8.4494
-8.4216
-4.1172
-7.7979
-4.4450
-6.2236
-6.9309
-1.6283
2.6934
2.9961
1.8892
3.6782
-1.8224
0.6496
3.7266
9.6586
7.1144
4.6970
-9.8619
-9.4466
-15.4792
-8.7385
-12.2292
-9.3992
-10.8188
-12.0368
-11.5009
-12.5822
-11.7692
-14.2338
-12.4873
-14.1732
-14.6734
-12.7340
-12.4107
-13.7620
-13.9577
-11.5578
