-0.9564
-0.9855
-0.6461
-0.9701
-0.7570
-1.4459
-1.3066
-1.0579
-0.7583
-0.6968
-0.1468
-0.2798
-0.2697
-0.3905
-0.2282
-0.2282
-0.2551
-0.3271
-0.2020
-0.4052
-0.8839
-0.6425
-0.8417
-0.4971
-0.7107
-0.7753
-0.8506
-0.7804
-0.5445
-0.6817
-2.9859
-1.6213
-2.2386
-2.2946
-2.3789
-1.1765
-1.4575
-2.7635
-1.3339
-1.7161
-2.0485
-1.0573
-2.4041
-2.0637
-1.3499
-2.2658
-1.5379
-1.1510
-1.6895
-1.5926
-1.2765
-1.9131
-2.4868
-1.6559
-1.6686
-2.7528
-1.7876
-3.3942
-1.8088
-1.7060
-4.9814
-2.4395
-4.2508
-2.6667
-4.0705
-6.1390
-2.7321
-3.4197
-4.5179
-2.0428
-1.9145
-1.6695
-1.9180
-1.5311
-2.0915
-1.5481
-1.7491
-1.6149
-0.8613
-1.5698
