-1.2645
-1.2754
-0.6585
-0.6788
-1.5006
-1.5102
-1.2500
-1.2598
-1.5153
-1.5428
-1.1658
-1.1901
-0.9349
-0.9486
-1.3418
-1.3705
-1.1571
-1.1784
-1.4358
-1.4430
-0.5887
-0.5850
-0.8656
-0.8459
-0.7555
-0.7467
-0.5722
-0.5623
-0.5597
-0.5498
-0.7080
-0.6957
-0.5727
-0.5560
-0.5435
-0.5375
-0.5678
-0.5654
-0.5040
-0.4938
-0.9997
-0.9589
-2.7009
-2.5817
-3.0389
-2.9667
-2.2123
-2.1022
-3.4258
-3.3422
-2.7819
-2.6675
-3.1437
-3.0618
-1.9901
-1.9313
-3.6643
-3.5204
-2.2579
-2.1830
-0.4196
-0.4202
-0.3602
-0.3582
-0.2615
-0.2724
-0.5136
-0.4970
-0.6080
-0.6083
-0.5023
-0.5111
-0.6940
-0.6816
-0.4003
-0.4015
-0.3325
-0.3364
-0.5452
-0.5380
-0.6610
-0.6480
-0.8968
-0.8587
-1.1702
-1.1331
-0.3596
-0.3601
-0.3384
-0.3370
-0.3165
-0.3283
-0.6043
-0.5934
-1.0026
-0.9836
-0.4678
-0.4826
-0.5747
-0.5928
-1.6464
-1.5319
-0.9529
-0.9137
-2.5251
-2.3005
-1.2431
-1.2047
-1.3349
-1.2520
-1.6422
-1.5567
-0.8709
-0.8092
-0.7829
-0.7240
-0.7166
-0.6805
-1.1111
-1.0325
-1.7830
-1.7206
-3.4151
-3.2332
-3.2958
-3.1892
-2.5380
-2.4205
-3.3704
-3.2062
-1.8997
-1.8244
-2.6130
-2.5062
-1.4585
-1.4051
-3.4567
-3.3001
-3.8730
-3.7243
-0.3034
-0.3028
-0.2899
-0.2823
-0.4295
-0.4216
-0.6534
-0.6438
-0.4705
-0.4763
-0.3846
-0.3851
-0.5173
-0.5183
-0.4688
-0.4605
-0.4923
-0.5044
-0.4768
-0.4954
-1.9556
-1.9139
-1.6647
-1.6342
-1.7015
-1.6714
-3.2723
-3.2167
-0.6544
-0.6530
-0.8718
-0.8748
-0.9005
-0.9080
-0.7660
-0.7542
-1.0409
-1.0315
-1.2272
-1.2159
-1.0100
-1.0233
-2.5240
-2.4137
-1.3512
-1.3855
-0.8789
-0.9346
-2.3862
-2.3513
-0.7876
-0.8293
-1.0315
-1.0955
-0.4091
-0.4167
-1.5049
-1.5360
-1.1026
-1.1672
