-15.3968
-15.5382
-7.9124
-7.9442
-9.6119
-9.6758
-12.3859
-12.5262
-12.3600
-12.4857
-11.2928
-11.4096
-10.8213
-10.9577
-13.8746
-14.0181
-12.5388
-12.5509
-14.5238
-14.6017
-9.6339
-9.6263
-12.0646
-12.0154
-11.1634
-11.1545
-8.5860
-8.5593
-8.6172
-8.5861
-10.9408
-10.9169
-8.8432
-8.7717
-8.3940
-8.3692
-9.2595
-9.2761
-7.9786
-7.9588
-15.0397
-14.9340
-23.8726
-23.7739
-25.1586
-25.1040
-18.9115
-18.8055
-25.0595
-25.0056
-23.1425
-23.0141
-21.1239
-21.0853
-22.6281
-22.6139
-26.5087
-26.3754
-21.0305
-20.9927
-6.5310
-6.1534
-5.9757
-5.6585
-4.0465
-3.8464
-8.6903
-8.2845
-9.6520
-9.2094
-8.4434
-8.0524
-9.5195
-9.0886
-6.2591
-5.9477
-5.0816
-4.7845
-8.7219
-8.4083
-9.8345
-9.5053
-12.6075
-12.1538
-14.4870
-14.0065
-6.0036
-5.7066
-5.7509
-5.4386
-4.9594
-4.6959
-9.4740
-9.0233
-13.7036
-13.2784
-8.1649
-7.8539
-9.4907
-9.0959
-19.7573
-18.9888
-13.6673
-13.0296
-19.1297
-18.2536
-15.5056
-14.8807
-15.2400
-14.5233
-18.4385
-17.7227
-10.2510
-9.7740
-9.6268
-9.1560
-9.9779
-9.5278
-12.3653
-11.8186
-15.2455
-15.4246
-21.3231
-21.5326
-23.0035
-23.2849
-17.2697
-17.4603
-20.9853
-21.2123
-16.6341
-16.8667
-18.6004
-18.8396
-13.9263
-14.0943
-17.2389
-17.4150
-21.5798
-21.8622
-3.1645
-3.1420
-3.1714
-3.1444
-4.3969
-4.3717
-8.2862
-8.2231
-5.9986
-5.9892
-4.3441
-4.3063
-6.2854
-6.2504
-5.8769
-5.7989
-6.6095
-6.6266
-6.5107
-6.5281
-17.0130
-17.0030
-14.1467
-14.0859
-15.8562
-15.8262
-20.3478
-20.3178
-7.8880
-7.8576
-10.5496
-10.5464
-11.2217
-11.2192
-9.2796
-9.2693
-11.6902
-11.6552
-13.8563
-13.8451
-12.7557
-12.8641
-16.5184
-16.5210
-15.7341
-15.9547
-13.6023
-13.7637
-24.6483
-24.7609
-12.6816
-12.8659
-14.7529
-14.9880
-6.0939
-6.1388
-19.1914
-19.4146
-17.4774
-17.7633
