-1.1400
0.6651
-3.1874
-3.8704
-8.6208
-9.7339
-5.5339
-5.4532
-11.1680
-12.8499
-4.6836
-4.8169
1.0102
2.2094
-4.7417
-4.3848
-8.7411
-10.5368
-5.6701
-5.4303
-5.3116
-7.0223
-7.1402
-8.9792
-5.0430
-6.5535
-4.5773
-5.9698
-5.0528
-6.6213
-7.3270
-9.3922
-6.0974
-7.9394
-5.5009
-7.2011
-4.6701
-6.2239
-6.4456
-8.5044
-9.4788
-11.7324
-17.4341
-20.4488
-18.3173
-21.0432
-12.7815
-15.1282
-17.8653
-20.4451
-18.0927
-20.9713
-14.9177
-17.4423
-12.5573
-14.7843
-22.3402
-26.0334
-12.9782
-15.3140
6.1087
6.7341
-4.1005
-5.3105
0.9950
0.3505
14.9545
17.3876
-2.8039
-3.3410
-11.6458
-14.4376
-0.3057
-0.7248
6.0058
6.2564
-3.0812
-3.9250
26.1144
30.0782
32.7728
38.3266
13.7547
16.1853
12.9006
15.4001
13.5165
15.2206
18.9729
21.5419
11.3052
12.8494
12.3555
13.8386
24.2158
28.2170
24.7947
28.2428
13.3513
14.2776
-31.3755
-34.9164
-18.7775
-20.8485
-39.7442
-44.5708
-14.2161
-15.4057
-26.3434
-29.7640
-20.2586
-21.4501
-32.6389
-38.4945
-26.5842
-31.2007
-25.7464
-30.3954
-23.9292
-27.4698
4.7883
6.9982
-0.2290
2.0378
-6.2429
-5.1814
-3.0972
-1.4249
-1.4389
0.1329
0.8293
2.3957
-7.0346
-6.6524
5.0988
7.2895
-0.0948
1.5804
-11.3996
-10.6396
3.2971
4.2636
-0.7817
-1.0495
-1.0193
-1.3891
4.4796
5.5997
6.7801
8.9004
6.2148
8.0087
2.6306
3.2505
5.8751
7.5878
7.3694
9.8323
7.6815
10.0337
21.4664
30.8319
9.7012
14.9184
9.4886
14.7186
6.0159
12.0668
15.2912
20.5525
17.0797
23.4339
16.6982
22.7937
20.7411
27.8472
14.0343
19.4947
20.6375
28.7493
5.0636
7.4002
5.2337
7.9469
7.4797
11.1318
7.8832
11.1048
0.3405
2.8648
8.5021
11.5375
9.6229
13.6424
5.0975
6.5061
4.9645
7.8005
8.8444
12.7153
