10.3126
12.0411
0.0645
-0.5836
1.1753
0.1280
6.3393
6.4860
2.0636
0.5242
4.1985
4.1460
8.6292
9.8910
5.2997
5.6854
1.9762
0.2397
6.7574
7.0495
-3.1955
-4.9006
-2.4715
-4.3177
-1.0348
-2.5439
-2.6151
-4.0099
-3.3737
-4.9409
-4.4053
-6.4762
-4.0896
-5.9381
-3.9388
-5.6431
-2.7921
-4.3428
-5.0805
-7.1417
-3.0908
-5.3405
6.7453
3.7867
11.7868
9.1710
1.9387
-0.3561
11.4418
8.9811
6.5013
3.6408
8.0539
5.5878
5.3006
3.1163
8.7731
5.0858
5.1857
2.9356
7.9778
8.3070
-2.4771
-3.9065
1.3966
0.7193
19.5371
21.3548
2.2938
1.0891
-7.2354
-10.5189
4.4561
3.5368
7.7194
7.7632
-2.2175
-3.1821
30.6109
34.1814
39.6466
44.6523
23.9445
25.3238
25.8921
27.1000
14.8004
16.3749
20.7224
23.0617
12.1014
13.5559
17.6552
18.4107
35.2796
38.4413
27.6358
30.9175
16.8199
17.4771
-14.2122
-19.1707
-11.4887
-14.2202
-21.4065
-27.6281
-4.1727
-6.1772
-16.3058
-20.4869
-5.8113
-8.0487
-26.6307
-33.0149
-21.5641
-26.6730
-20.2174
-25.3963
-15.0287
-19.2639
13.2756
15.5244
21.1713
23.5291
18.4766
19.7522
12.9748
14.7347
16.8512
18.6004
10.0578
11.7157
7.7463
8.3013
12.2205
14.4430
18.8699
20.5866
15.5122
16.4766
3.6372
4.6054
-0.1687
-0.4336
0.6425
0.2842
7.8342
8.9202
7.8600
9.9874
6.6808
8.4761
4.4886
5.1102
7.0118
8.7149
8.7480
11.2165
8.8679
11.2255
38.5596
47.7690
20.9071
26.0435
21.6364
26.7984
36.0382
41.9588
17.5623
22.8163
22.3584
28.6846
21.6641
27.7366
24.4285
31.5376
19.5218
24.9687
28.7064
36.7851
14.9403
17.2769
21.7674
24.3356
23.1587
26.8192
16.9550
20.1846
21.6198
24.1796
14.5194
17.5823
20.9054
24.9533
5.7886
7.2046
19.7162
22.5883
21.1210
25.0527
