11.4525
11.3760
3.2518
3.2868
9.7961
9.8619
11.8732
11.9392
13.2316
13.3741
8.8822
8.9629
7.6189
7.6816
10.0414
10.0701
10.7172
10.7765
12.4275
12.4797
2.1161
2.1217
4.6687
4.6615
4.0082
4.0096
1.9621
1.9599
1.6791
1.6803
2.9217
2.9161
2.0078
2.0013
1.5621
1.5580
1.8780
1.8811
1.3651
1.3627
6.3880
6.3920
24.1794
24.2355
30.1041
30.2142
14.7202
14.7721
29.3071
29.4262
24.5940
24.6121
22.9716
23.0302
17.8579
17.9005
31.1134
31.1192
18.1639
18.2495
1.8692
1.5729
1.6234
1.4040
0.4016
0.3688
4.5826
3.9672
5.0976
4.4301
4.4103
3.9187
4.7618
4.2616
1.7137
1.5068
0.8636
0.7429
4.4965
4.1032
6.8738
6.3257
10.1898
9.1386
12.9915
11.6998
1.2838
1.1543
1.7495
1.5198
0.7962
0.7066
5.2997
4.5721
11.0638
10.2243
2.8411
2.6746
3.4685
3.1995
17.1634
15.7457
7.2887
6.6283
18.3377
16.9427
10.0435
9.2285
10.0376
9.2770
14.4473
13.4015
6.0082
5.4796
5.0201
4.5277
5.5290
4.9991
8.9005
8.2058
8.4873
8.5263
21.4003
21.4913
24.7195
24.9336
16.0720
16.1596
18.2902
18.4675
9.2285
9.3200
14.7810
14.9537
7.1218
7.1535
18.9647
19.0062
26.9119
27.1162
0.3401
0.3417
0.6130
0.6159
1.6618
1.6733
3.3546
3.3206
1.0798
1.0870
0.4660
0.4674
1.8581
1.8597
1.1368
1.1271
1.3786
1.3842
1.1864
1.1918
17.0932
16.9371
11.2059
11.1251
12.1478
12.0797
30.0223
29.8920
2.2711
2.2637
5.2787
5.2507
4.9659
4.9429
3.6873
3.6903
5.4876
5.4739
8.0689
8.0358
9.8768
9.8767
16.5337
16.3886
15.6790
15.6873
9.0718
9.0798
21.2793
21.3148
6.0173
6.0448
11.2825
11.3108
0.6911
0.6986
14.7517
14.7877
12.2765
12.3374
