-1.1001
-0.3031
-0.3165
-0.1135
-0.7168
-0.2378
-1.3583
-0.2705
-1.1077
-0.3477
-0.9198
-0.2206
-0.9694
-0.1797
-0.9311
-0.2912
-0.8365
-0.2619
-1.1114
-0.3277
-0.1563
-0.1508
-0.2680
-0.2297
-0.2069
-0.1958
-0.1378
-0.1302
-0.1474
-0.1290
-0.1898
-0.1847
-0.1775
-0.1449
-0.1245
-0.1256
-0.1383
-0.1401
-0.1146
-0.1132
-0.4093
-0.2780
-1.2423
-0.6904
-1.1526
-0.8052
-0.7597
-0.4576
-1.1537
-0.8049
-1.2706
-0.6601
-0.9527
-0.6362
-0.8244
-0.5685
-1.6004
-0.9010
-0.8025
-0.5267
-0.1434
-0.0869
-0.1327
-0.0788
-0.0425
-0.0367
-0.8471
-0.1081
-0.8736
-0.1449
-0.6824
-0.1211
-0.7804
-0.1453
-0.1416
-0.0791
-0.0599
-0.0581
-1.1739
-0.1086
-1.8342
-0.1362
-2.3321
-0.2051
-2.8172
-0.2686
-0.0930
-0.0669
-0.1873
-0.0617
-0.0500
-0.0506
-0.9881
-0.1408
-2.3786
-0.2414
-0.5139
-0.1068
-0.6507
-0.1398
-2.6477
-0.4956
-1.1302
-0.2696
-2.1790
-0.6468
-1.5811
-0.3202
-1.2368
-0.3467
-1.7246
-0.4259
-0.7028
-0.1732
-0.5929
-0.1613
-0.7060
-0.1590
-1.0974
-0.2472
-0.6479
-0.3112
-1.6577
-0.5958
-1.7705
-0.7460
-1.1432
-0.4595
-1.4185
-0.6053
-0.9506
-0.3645
-1.4348
-0.5182
-0.5255
-0.2591
-1.1443
-0.5507
-2.0966
-0.8891
-0.0284
-0.0261
-0.0329
-0.0291
-0.0789
-0.0488
-0.4088
-0.1389
-0.0767
-0.0796
-0.0523
-0.0448
-0.1303
-0.0844
-0.1988
-0.0853
-0.0883
-0.0874
-0.0889
-0.0886
-1.2270
-0.4029
-0.4455
-0.3005
-0.5758
-0.3496
-1.1922
-0.7200
-0.2138
-0.1210
-0.4181
-0.1823
-0.4447
-0.2189
-0.4467
-0.1703
-0.3366
-0.2078
-0.8077
-0.2788
-0.9330
-0.2736
-1.0091
-0.4735
-2.0041
-0.4927
-1.2982
-0.2684
-1.3341
-0.6345
-1.1176
-0.2184
-1.7814
-0.3392
-0.0762
-0.0736
-1.6694
-0.4635
-2.2418
-0.3835
