-5.8110
-12.3914
-5.6831
-7.8504
-7.1683
-5.9965
-3.7490
-7.9097
-7.5829
-7.4954
-5.9856
-8.8526
-3.5147
-8.5526
-7.6866
-11.9329
-8.3378
-8.6230
-7.4086
-11.1044
-8.5727
-8.8068
-10.3627
-12.6553
-8.9073
-10.1954
-7.6156
-7.9329
-8.1844
-8.0767
-9.7559
-10.8435
-8.3803
-8.2567
-7.9488
-8.1194
-8.1847
-8.5514
-7.6835
-7.5006
-12.2629
-11.9607
-13.3915
-12.0234
-9.7843
-8.9293
-13.8296
-13.1921
-11.0005
-10.1527
-12.8197
-12.7852
-10.4449
-9.6887
-13.1399
-11.8088
-14.0720
-12.1491
-12.5563
-12.4365
-3.5552
-5.4354
-3.9567
-5.2999
-4.0115
-3.6114
1.3403
-6.9815
-2.6134
-8.3118
-2.7913
-5.8493
-3.4451
-8.8621
-3.6142
-5.5484
-4.6995
-4.5102
4.2454
-6.4392
7.6779
-5.9001
4.2423
-8.4012
4.1374
-9.3643
-3.3241
-4.7797
-1.1156
-4.3378
-3.9603
-4.1020
0.6834
-8.3993
5.4605
-8.8021
-0.8349
-7.2195
-1.5868
-8.8468
-7.3580
-12.5259
-5.9141
-11.4286
-11.6532
-13.4580
-5.7508
-11.6013
-8.7621
-12.8930
-7.1733
-13.3117
-7.7008
-9.0285
-6.1165
-8.8501
-5.8660
-8.2871
-6.8796
-10.0381
-11.7409
-13.5591
-9.6288
-13.8297
-11.1179
-12.3210
-8.5538
-11.5446
-11.7675
-14.0685
-11.2186
-14.9449
-11.2189
-13.1775
-10.3973
-12.2858
-6.2302
-9.6353
-9.6887
-9.9328
-3.1631
-2.9456
-3.2947
-3.0805
-4.0275
-3.9742
-4.6759
-8.2655
-5.3064
-5.4282
-4.3736
-4.1105
-4.8708
-6.3239
-4.7885
-6.1609
-5.1780
-6.1489
-5.3871
-5.8849
-0.1085
-9.3434
-8.6953
-9.6791
-9.0345
-10.8932
-2.7383
-7.2517
-4.8002
-7.3133
-4.9695
-9.2574
-5.6984
-11.0601
-2.5489
-8.6407
-7.6709
-9.8103
-3.7492
-11.8244
-3.0501
-8.1674
-2.8694
-9.2260
1.2272
-6.0006
-1.6862
-8.8369
-8.9721
-16.3226
-2.3360
-9.8092
0.1451
-8.1017
-5.4157
-5.6933
-3.6496
-12.4284
-0.0733
-10.6842
