-14.8305
-7.6809
-9.3188
-11.7900
-11.9706
-10.8180
-10.2632
-13.3788
-12.3382
-14.1092
-9.6065
-12.1373
-11.1775
-8.5906
-8.6783
-10.9512
-8.9320
-8.3881
-9.1944
-7.9735
-15.1336
-23.9281
-25.0800
-19.0621
-25.0228
-23.2332
-21.0944
-22.5645
-26.5905
-20.9837
-3.1897
-3.2161
-4.3951
-8.3901
-6.0345
-4.4017
-6.3362
-6.0057
-6.5310
-6.4709
-16.6754
-14.0860
-15.6690
-20.1601
-7.7542
-10.2937
-10.9785
-9.0045
-11.5791
-13.5991
-12.4162
-16.3022
-15.1527
-13.1105
-24.2989
-12.2041
-14.1410
-5.8950
-18.6586
-16.8241
