-0.6978
-0.8302
-0.6158
-0.9414
-0.9036
-2.3430
-1.4213
-1.5790
-2.1745
-1.1778
-2.0188
-0.7147
-0.8038
-0.7996
-0.9956
-2.1795
-0.6875
-1.4739
-2.6460
-0.8194
-1.3372
-1.8208
-1.2258
-0.9005
-0.9626
-1.3619
-1.2726
-1.0510
-1.5259
-1.1453
-1.2719
-0.8239
-0.7380
-1.4387
-0.7966
-3.6896
-1.7140
-1.5339
-2.4823
-1.6626
-0.7964
-0.9961
-1.8131
-2.4129
-1.1404
-0.7631
-1.0136
-0.8050
-0.8961
-0.7261
-1.4513
-0.9252
-0.8085
-0.6682
-1.5600
-0.8211
-1.1204
-1.1507
-1.8033
-0.7961
-2.0145
-1.1345
-0.9917
-2.7933
-1.0286
-1.4623
-3.9685
-1.3434
-2.1050
-0.8358
