-11.1335
-13.3712
-9.4997
-13.2681
-14.3815
-22.3790
-18.8653
-19.4201
-23.1242
-16.2761
-22.9142
-10.5012
-12.2261
-12.3322
-14.4528
-21.8200
-11.3662
-16.4094
-20.7164
-12.5681
-15.9340
-18.5775
-16.8537
-13.9242
-13.0427
-19.0481
-17.4283
-15.4162
-19.4737
-15.6361
-15.8029
-11.7820
-11.8586
-17.0740
-12.6355
-20.9755
-15.4345
-15.5821
-18.9679
-17.1037
-8.5943
-8.4850
-13.7732
-16.7917
-12.2792
-9.8514
-12.1923
-9.6622
-11.2779
-9.8021
-15.0881
-11.2213
-11.6100
-9.8341
-16.2449
-11.5236
-11.6836
-12.3129
-16.0095
-10.8099
-16.3289
-11.3815
-13.3035
-16.7560
-13.2519
-15.1806
-20.4610
-15.4653
-17.3442
-11.9266
