-3.5333
-3.9461
-1.6910
-4.1629
-3.0359
-11.5641
-8.3431
-6.0868
-11.0412
-4.1916
-7.6959
0.7089
-0.9350
-4.0978
-2.5530
-11.6328
-2.9926
-4.4078
-9.9524
-1.9284
-6.2179
-8.4059
-8.3114
-5.6958
-2.6797
-4.4516
-4.5891
-4.1206
-5.7821
-2.6398
-4.1877
-3.3294
-3.6316
-4.9197
-3.4207
-10.2287
-6.0466
-7.6905
-5.2188
-5.1428
-2.8179
-1.8689
-4.9712
-6.3416
-4.4358
-2.2051
-2.7668
-2.9519
-3.6803
-3.5295
-6.1526
-1.9771
-3.5176
-3.3058
-6.7122
-2.7233
-3.2966
-3.3256
-5.1100
-2.7735
-5.0154
-4.0827
-4.7243
-6.4358
-3.1363
-4.5035
-7.4417
-6.2884
-7.8042
-4.5800
