0.4340
2.2738
0.4571
3.9837
3.8782
12.8134
4.2478
7.6283
11.4405
4.4739
12.6727
5.3698
3.6923
1.2044
4.7017
9.7322
0.7299
7.2554
15.0324
2.4587
4.4001
8.1745
2.8406
-0.0831
3.6466
8.8209
5.6950
4.4140
7.8423
6.8143
5.9770
0.8282
1.2031
9.3844
0.8690
17.4589
3.9513
1.8950
12.1406
6.7708
0.0634
2.4200
4.8886
10.0812
2.0921
0.9960
3.2156
0.5097
0.6149
-0.6071
2.8706
2.8110
0.4620
-0.6844
5.4810
1.4243
2.5040
3.1841
6.4321
0.7586
7.9659
1.5801
1.7771
9.5950
2.4503
4.6377
18.8348
2.6946
6.1427
-0.1457
