3.9672
6.2199
2.1481
8.1466
6.9141
24.3775
12.5909
13.7151
22.4817
8.6654
20.3686
4.6609
4.6274
5.3022
7.2547
21.3651
3.7225
11.6632
24.9848
4.3870
10.6180
16.5804
11.1520
5.6127
6.3263
13.2725
10.2841
8.5346
13.6244
9.4542
10.1647
4.1576
4.8346
14.3042
4.2897
27.6876
9.9980
9.5855
17.3594
11.9136
2.8812
4.2889
9.8599
16.4228
6.5279
3.2011
5.9823
3.4616
4.2953
2.9223
9.0232
4.7880
3.9796
2.6214
12.1933
4.1476
5.8006
6.5097
11.5421
3.5320
12.9813
5.6629
6.5014
16.0309
5.5866
9.1412
26.2765
8.9830
13.9470
4.4343
