-1.4980
-1.7790
-1.2529
-2.1309
-2.0446
-3.2558
-2.4935
-3.0842
-3.1987
-2.2111
-2.9293
-1.6542
-1.8182
-1.2880
-2.4454
-3.2207
-1.4958
-2.0875
-2.6696
-1.7183
-2.3843
-2.5151
-2.5921
-1.7298
-1.9493
-2.8544
-2.3744
-1.7753
-2.3869
-2.3529
-1.9456
-1.6339
-1.3853
-1.8106
-1.6933
-2.5571
-1.9047
-1.7521
-1.9665
-2.2336
-1.1704
-0.9556
-1.8634
-1.9376
-1.5581
-0.9409
-1.3042
-1.3790
-1.2858
-1.1689
-1.8324
-1.2317
-1.4610
-0.9959
-2.2582
-1.2202
-1.3894
-1.3768
-1.4554
-1.0348
-1.8155
-1.0931
-1.3814
-1.9946
-1.3786
-1.5954
-2.6173
-1.7599
-2.6264
-1.2782
