-12.8953
-13.7066
-10.9114
-12.3566
-13.4514
-15.1644
-18.5323
-16.4550
-17.0568
-15.1911
-15.1896
-7.5003
-11.1557
-13.2155
-13.1921
-17.4880
-12.8194
-12.7154
-10.9997
-12.6470
-15.2554
-14.7389
-17.8310
-16.6376
-12.3080
-14.4435
-15.3803
-13.8284
-15.5443
-12.3199
-13.0434
-13.4117
-12.7788
-10.9390
-14.2564
-9.7632
-15.1018
-16.9732
-11.2760
-14.2291
-10.4977
-8.0167
-12.5611
-11.0609
-12.8856
-10.5595
-11.2946
-11.3366
-12.8448
-12.3043
-15.5012
-10.5673
-13.4175
-12.1826
-14.5820
-12.1406
-11.6894
-11.6563
-12.8361
-11.8824
-12.1929
-12.0290
-13.8996
-11.9488
-13.2088
-13.6006
-8.2120
-15.8740
-15.9329
-14.1863
